0	0	0	0
1	2.4134993334539887	2.414213562373095	0.000714228919106219
2	4.4134992474713375	4.414213562373095	0.0007143149017574402
3	5.241904138013688	5.242640687119286	0.0007365491055972839
4	6.4135507251615085	6.414213562373095	0.0006628372115864423
5	7.241904052028842	7.242640687119285	0.000736635090443194
6	8.076450424930975	8.071067811865476	0.005382613065499697
7	8.413508974990371	8.414213562373094	0.0007045873827227211
8	9.241955529718188	9.242640687119284	0.0006851574010955375
9	10.076450338952831	10.071067811865476	0.005382527087355982
10	10.4171125771658	10.414213562373096	0.002899014792705046
11	10.900368683052703	10.899494936611664	0.0008737464410391027
12	11.241913779590734	11.242640687119286	0.0007269075285520898
13	12.076501816601308	12.071067811865476	0.005434004735832332
14	12.4146728438238	12.414213562373094	0.00045928145070561754
15	12.900368597087144	12.899494936611664	0.0008736604754808752
16	13.245517381744845	13.242640687119286	0.002876694625559395
17	13.891995614088268	13.727922061357855	0.1640735527304127
18	14.0764600665185	14.071067811865476	0.005392254653024509
19	14.483578068254518	14.414213562373094	0.06936450588142407
20	14.900420074865304	14.899494936611664	0.0009251382536401564
21	15.243077649492244	15.242640687119286	0.00043696237295876017
22	15.891995528144612	15.727922061357855	0.16407346678675694
23	16.080063666775168	16.071067811865476	0.008995854909692014
24	16.446979524043385	16.414213562373096	0.032765961670289556
25	16.63142474378029	16.556349186104047	0.07507555767624297
26	16.900378326221276	16.89949493661167	0.0008833896096049898
27	17.311982872464323	17.242640687119287	0.069342185345036
28	17.89204700523828	17.727922061357862	0.16412494388041665
29	18.07762393076285	18.07106781186548	0.006556118897371732
30	18.631424658068813	18.414213562373096	0.21721109569571695
31	18.903981924923755	18.556349186104047	0.34763273881970846
32	18.91063198509756	18.89949493661167	0.011137048485888812
33	19.275384336390157	19.242640687119287	0.03274364927086992
34	19.892005255183946	19.38477631085024	0.5072289443337077
35	20.146529133927213	19.727922061357855	0.41860707256935825
36	20.579388708318763	20.07106781186548	0.5083208964532844
37	20.631476135193935	20.414213562373096	0.2172625728208395
38	20.728699732221653	20.556349186104047	0.17235054611760603
39	20.901542218005574	20.89949493661167	0.0020472813939029777
40	21.73903678591335	21.242640687119287	0.49639609879406166
41	21.895608830395712	21.38477631085024	0.5108325195454739
42	22.10993051985402	21.727922061357855	0.38200845849616627
43	22.57938862248629	22.071067811865483	0.508320810620809
44	22.631434402204274	22.213203435596427	0.4182309666078474
45	22.97044733326741	22.414213562373096	0.5562337708943126
46	22.98505016215547	22.55634918610405	0.4287009760514202
47	23.55710455312356	22.89949493661167	0.6576096165118877
48	23.89316903278795	23.242640687119284	0.6505283456686648
49	24.161268713190946	23.38477631085024	0.7764924023407076
50	24.573582956252316	23.727922061357855	0.8456608948944613
51	24.579440097163037	24.071067811865483	0.5083722852975541
52	24.63503791003087	24.213203435596427	0.4218344744344442
53	24.933848775224696	24.414213562373096	0.5196352128516004
54	24.98505007723877	24.55634918610405	0.42870089113472076
55	25.73485938862245	24.89949493661167	0.8353644520107792
56	25.962073990932065	25.04163056034261	0.9204434305894544
57	26.39165030691923	25.242640687119284	1.1490096197999478
58	26.57939833965555	25.38477631085024	1.1946220288053127
59	26.63259836172699	25.727922061357855	0.904676300369136
60	26.985101548978488	26.071067811865483	0.9140337371130052
61	26.989673504105355	26.213203435596427	0.7764700685089281
62	27.397500791106854	26.414213562373096	0.983287228733758
63	27.92547431095665	26.55634918610405	1.369125124852598
64	28.56326419951396	26.89949493661167	1.6637692629022887
65	28.583001832785968	27.04163056034261	1.5413712724433566
66	28.70150195917909	27.242640687119284	1.4588612720598064
67	28.985059848383838	27.38477631085024	1.600283537533599
68	29.03803526036567	27.727922061357855	1.3101131990078159
69	29.215567401104554	27.87005768508881	1.3455097160157443
70	29.824219541075536	28.071067811865483	1.7531517292100531
71	30.389126636808648	28.213203435596427	2.175923201212221
72	30.47591415891127	28.414213562373096	2.0617005965381736
73	30.580561656565568	28.55634918610405	2.024212470461517
74	30.66490173733699	28.89949493661167	1.7654068007253194
75	30.969429364988986	29.04163056034261	1.9277988046463754
76	30.98866303351252	29.242640687119284	1.7460223463932358
77	31.038035174516693	29.38477631085024	1.653258863666455
78	31.39780931834491	29.727922061357855	1.669887256987053
79	31.798076152610847	29.87005768508881	1.9280184675220369
80	32.2071887886247	30.071067811865483	2.1361209767592158
81	32.64813661246148	30.213203435596427	2.4349331768650515
82	32.64946600559061	30.414213562373096	2.235252443217515
83	32.96942928067816	30.55634918610405	2.413080094574113
84	32.986223584700774	30.698484809835	2.2877387748657725
85	33.03808664400825	30.89949493661167	2.138591707396582
86	33.128549285462	31.04163056034261	2.0869187251193893
87	33.304318932359244	31.242640687119284	2.0616782452399605
88	34.22172362158327	31.38477631085024	2.8369473107330343
89	34.6128618059287	31.727922061357855	2.884939744570847
90	34.62648093452888	31.87005768508881	2.7564232494400684
91	34.94659858178188	32.07106781186548	2.875530769916395
92	34.969480742519444	32.21320343559643	2.7562773069230175
93	35.03804484802641	32.41421356237309	2.623831285653317
94	35.05512295996335	32.55634918610404	2.4987737738593054
95	35.63976139071817	32.698484809834994	2.9412765808831765
96	36.13886488056132	32.899494936611674	3.2393699439496473
97	36.969439020928256	33.04163056034261	3.927808460585645
98	37.018516566453926	33.242640687119284	3.7758758793346416
99	37.04164821364096	33.38477631085024	3.6568719027907193
100	37.07651512220245	33.526911934581186	3.5496031876212655
101	37.213340333412866	33.72792206135786	3.485418272055007
102	37.46102564106741	33.87005768508881	3.5909679559785985
103	37.899877227661406	34.07106781186548	3.8288094157959236
104	38.37917462224119	34.21320343559643	4.165971186644761
105	38.89455936540139	34.41421356237309	4.4803458030283
106	38.96278098641599	34.55634918610404	4.40643180031195
107	38.973041876318796	34.698484809834994	4.274557066483801
108	39.000062393727724	34.899494936611674	4.10056745711605
109	39.03920673367566	35.04163056034261	3.9975761733330515
110	39.48215344032015	35.24264068711928	4.23951275320087
111	39.59353044647525	35.38477631085024	4.208754135625007
112	39.95271527533449	35.526911934581186	4.425803340753305
113	40.2849372081254	35.72792206135785	4.557015146767547
114	40.72828197938997	35.87005768508881	4.858224294301159
115	40.97060107902149	36.071067811865476	4.899533267156016
116	41.09311210715799	36.21320343559643	4.879908671561566
117	41.108110842707205	36.35533905932737	4.752771783379835
118	41.30015808059985	36.41421356237309	4.885944518226758
119	41.593530359870755	36.55634918610404	5.037181173766712
120	41.828467139817455	36.69848480983499	5.129982329982468
121	41.95440518195159	36.899494936611674	5.054910245339919
122	42.327144521090155	37.04163056034262	5.2855139607475365
123	43.03949802547221	37.24264068711928	5.796857338352936
124	43.07149378063445	37.38477631085024	5.686717469784206
125	43.09311202208687	37.526911934581186	5.566200087505685
126	43.276551735667695	37.72792206135785	5.5486296743098436
127	43.56282792454933	37.87005768508881	5.692770239460522
128	43.59358182204179	38.071067811865476	5.522514010176316
129	43.9006912806751	38.21320343559643	5.687487845078671
130	44.663011773219786	38.35533905932737	6.307672713892416
131	44.69380845445411	38.41421356237309	6.279594892081015
132	44.732751752588186	38.55634918610404	6.176402566484143
133	45.00287524073724	38.69848480983499	6.304390430902252
134	45.0931634731837	38.899494936611674	6.1936685365720265
135	45.53515545630143	39.04163056034262	6.493524895958814
136	45.59353991285892	39.18376618407357	6.409773728785353
137	46.015897325544	39.24264068711928	6.773256638424726
138	46.30618465373421	39.38477631085024	6.921408342883971
139	46.38674301876503	39.526911934581186	6.8598310841838455
140	46.437350296493186	39.72792206135785	6.709428235135334
141	47.09312160829641	39.87005768508881	7.223063923207597
142	47.34788491553398	40.071067811865476	7.276817103668506
143	47.35315621684726	40.21320343559643	7.139952781250834
144	47.46651573829583	40.35533905932737	7.111176678968462
145	47.48692155280903	40.41421356237309	7.072707990435937
146	47.59714314562051	40.55634918610404	7.0407939595164635
147	48.64178354809136	40.69848480983499	7.943298738256374
148	49.09672428940522	40.899494936611674	8.19722935279355
149	49.26575503224424	41.04163056034262	8.224124471901625
150	49.28445732583339	41.18376618407357	8.100691141759818
151	49.37836756545183	41.24264068711928	8.135726878332555
152	49.594698417636096	41.38477631085024	8.209922106785854
153	49.963892000772184	41.526911934581186	8.436980066190998
154	50.17628963368044	41.72792206135785	8.448367572322589
155	50.47853663439138	41.87005768508881	8.608478949302572
156	50.78577949976493	42.012193308819754	8.773586190945174
157	51.04736025696374	42.071067811865476	8.976292445098267
158	51.094279237601604	42.21320343559643	8.881075802005178
159	51.66360366092636	42.35533905932737	9.308264601598992
160	52.10030103997379	42.41421356237309	9.6860874776007
161	52.117762131980406	42.55634918610404	9.561412945876363
162	52.27888668503653	42.69848480983499	9.580401875201545
163	52.35926010642726	42.899494936611674	9.459765169815583
164	52.36929998995174	43.04163056034262	9.327669429609124
165	52.71709632225677	43.18376618407357	9.533330138183203
166	53.010834435097934	43.242640687119284	9.76819374797865
167	53.163178105125354	43.38477631085024	9.778401794275112
168	53.21786776873176	43.526911934581186	9.690955834150571
169	53.42757935596136	43.72792206135785	9.699657294603512
170	53.626957246324075	43.87005768508882	9.756899561235258
171	54.27888659686064	44.01219330881976	10.266693288040877
172	54.290422823944	44.071067811865476	10.219355012078523
173	54.924215335366405	44.21320343559642	10.711011899769986
174	55.126517344415205	44.35533905932737	10.771178285087835
175	55.427579268739436	44.41421356237309	11.013365706366343
176	55.83474338746867	44.55634918610404	11.278394201364627
177	56.06574343762188	44.698484809834994	11.367258627786889
178	56.09064304662029	44.84062043356595	11.250022613054341
179	56.09634035579408	44.899494936611674	11.196845419182402
180	56.27893805098612	45.04163056034262	11.237307490643502
181	56.846447427264614	45.18376618407357	11.662681243191045
182	57.100414743879746	45.242640687119284	11.857774056760462
183	57.165875262032024	45.38477631085024	11.781098951181782
184	57.42763071018466	45.526911934581186	11.900718775603472
185	57.590191404293144	45.72792206135786	11.862269342935285
186	57.90855062760738	45.87005768508882	12.038492942518566
187	57.91584099387763	46.01219330881976	11.90364768505787
188	58.278895954509046	46.071067811865476	12.20782814264357
189	58.42245771881925	46.21320343559642	12.209254283222833
190	58.471296366515524	46.355339059327385	12.11595730718814
191	58.82636087765398	46.41421356237309	12.41214731528089
192	58.924745090849285	46.55634918610404	12.368395904745242
193	59.031690341688005	46.698484809834994	12.333205531853011
194	59.40801729963143	46.84062043356595	12.56739686606548
195	59.427588603924704	46.899494936611674	12.52809366731303
196	59.57124524418495	47.04163056034262	12.529614683842333
197	59.67485213885061	47.18376618407357	12.491085954777041
198	60.28249905810545	47.242640687119284	13.039858370986167
199	60.35351466941642	47.38477631085024	12.968738358566178
200	60.655229524934995	47.526911934581186	13.12831759035381
201	61.34126292177893	47.66904755831214	13.67221536346679
202	61.4311912035376	47.72792206135786	13.703269142179742
203	61.565689727654465	47.87005768508882	13.695632042565649
204	61.759291193740644	48.01219330881976	13.747097884920883
205	62.280049249424046	48.071067811865476	14.20898143755857
206	62.50939720827386	48.21320343559642	14.29619377267744
207	62.84077113030803	48.355339059327385	14.485432070980643
208	62.91461127136314	48.41421356237309	14.50039770899005
209	63.42873962498314	48.55634918610404	14.872390438879094
210	64.34895675183488	48.698484809834994	15.650471941999882
211	64.4139459007899	48.84062043356595	15.573325467223945
212	64.52437323990034	48.899494936611674	15.624878303288668
213	64.58320532210048	49.04163056034262	15.541574761757865
214	64.60321745555848	49.18376618407357	15.41945127148491
215	65.33330644298857	49.242640687119284	16.09066575586929
216	65.49764275279536	49.38477631085024	16.112866441945116
217	65.51370437539715	49.526911934581186	15.986792440815968
218	65.62445064260507	49.66904755831214	15.955403084292932
219	66.31226583309754	49.72792206135786	16.584343771739682
220	66.45561822624558	49.87005768508882	16.58556054115676
221	66.8953275334826	50.01219330881976	16.88313422466284
222	67.00875628633793	50.071067811865476	16.937688474472452
223	67.08947816066018	50.21320343559642	16.87627472506376
224	67.46092662760441	50.355339059327385	17.105587568277024
225	67.51060030229587	50.41421356237309	17.096386739922778
226	67.55546442179356	50.49747468305833	17.05798973873523
227	67.57483221484217	50.55634918610404	17.01848302873813
228	67.65589773889218	50.698484809834994	16.957412929057185
229	67.91907611367519	50.84062043356595	17.078455680109236
230	67.9616802432406	50.899494936611674	17.06218530662892
231	68.324926682954	51.04163056034262	17.283296122611382
232	68.77598904663554	51.18376618407357	17.592222862561975
233	68.9778193686213	51.242640687119284	17.735178681502013
234	69.0894780709397	51.38477631085024	17.704701760089463
235	69.15536959961285	51.526911934581186	17.628457665031668
236	69.72373228439052	51.66904755831214	18.054684726078385
237	69.92465288721165	51.72792206135786	18.19673082585379
238	69.96168015382428	51.87005768508882	18.09162246873546
239	70.31422026505318	52.01219330881976	18.30202695623342
240	70.33900503032231	52.071067811865476	18.267937218456836
241	70.47707018676455	52.21320343559642	18.26386675116813
242	70.59375764273341	52.355339059327385	18.238418583406023
243	71.06426388352115	52.41421356237309	18.650050321148058
244	71.08952951593878	52.49747468305833	18.59205483288045
245	71.7423168872362	52.55634918610404	19.185967701132157
246	71.96173158663103	52.698484809834994	19.263246776796038
247	72.55827849647757	52.84062043356595	19.717658062911617
248	73.06184832209048	52.899494936611674	20.16235338547881
249	73.08948725098219	53.04163056034262	20.04785669063957
250	73.17355039694502	53.18376618407357	19.98978421287145
251	73.9616892574043	53.242640687119284	20.71904857028502
252	73.97229267121799	53.32590180780453	20.64639086341346
253	74.02660339701532	53.38477631085024	20.64182708616508
254	74.26221133864965	53.526911934581186	20.735299404068464
255	74.99307767440034	53.66904755831214	21.324030116088203
256	75.01227880001102	53.72792206135786	21.28435673865316
257	75.07985762587009	53.87005768508882	21.209799940781274
258	75.09309014386285	54.01219330881976	21.08089683504309
259	75.17523520310574	54.071067811865476	21.104167391240267
260	75.38219334042793	54.21320343559642	21.168989904831513
261	75.59975452364765	54.355339059327385	21.244415464320262
262	75.9033172170113	54.41421356237309	21.489103654638214
263	75.96529173718147	54.49747468305833	21.467817054123145
264	75.99746115961216	54.55634918610404	21.441111973508114
265	76.1798439094304	54.698484809834994	21.48135909959541
266	76.5793032224999	54.84062043356595	21.73868278893395
267	76.66775228790742	54.899494936611674	21.768257351295745
268	76.74819817458611	55.04163056034262	21.70656761424349
269	77.09063560300137	55.18376618407357	21.906869418927805
270	77.41768160709819	55.242640687119284	22.175040919978905
271	77.6790732555251	55.32590180780453	22.35317144772057
272	77.96283443747873	55.38477631085024	22.57805812662849
273	78.37382080697677	55.526911934581186	22.84690887239558
274	78.8656833725656	55.66904755831214	23.19663581425346
275	78.98908331167137	55.72792206135786	23.261161250313506
276	79.1595444048317	55.87005768508882	23.28948671974289
277	79.36826848836672	56.01219330881976	23.356075179546963
278	80.03174073582942	56.071067811865476	23.96067292396394
279	80.34123822663027	56.154328932550705	24.186909294079562
280	81.11321646388035	56.21320343559642	24.90001302828393
281	81.12281008682866	56.355339059327385	24.76747102750128
282	81.48984199248562	56.41421356237309	25.07562843011253
283	81.66298011546915	56.49747468305833	25.165505432410825
284	81.69408814793661	56.55634918610404	25.137738961832568
285	81.72843919596423	56.698484809834994	25.029954386129234
286	81.99497562766737	56.84062043356595	25.15435519410142
287	82.19667324587573	56.899494936611674	25.297178309264055
288	82.72084511528763	57.04163056034262	25.679214554945013
289	82.81137155756224	57.18376618407357	25.62760537348867
290	83.47087966927607	57.242640687119284	26.22823898215679
291	83.5865678892338	57.32590180780453	26.260666081429278
292	83.61733487155531	57.38477631085024	26.232558560705073
293	84.02671837336067	57.526911934581186	26.49980643877948
294	84.45874600650006	57.66904755831214	26.789698448187927
295	84.52771481007524	57.72792206135786	26.79979274871738
296	84.52863449480995	57.87005768508882	26.658576809721133
297	84.65207968888812	58.01219330881976	26.63988638006836
298	84.68477469588123	58.071067811865476	26.613706884015755
299	85.03121891391075	58.154328932550705	26.876889981360044
300	85.06120346295276	58.21320343559642	26.848000027356342
301	85.1167680163803	58.355339059327385	26.76142895705292
302	85.40195273232906	58.41421356237309	26.987739169955972
303	85.40419790004798	58.49747468305833	26.906723216989647
304	85.67644393116994	58.55634918610404	27.1200947450659
305	86.02671828258455	58.698484809834994	27.32823347274956
306	86.0269667548228	58.84062043356595	27.186346321256842
307	86.27626239092598	58.899494936611674	27.376767454314304
308	86.68477460542381	58.982756057296896	27.702018548126915
309	87.35255071697443	59.04163056034262	28.310920156631816
310	87.46676581627894	59.18376618407357	28.282999632205367
311	87.76520201561651	59.242640687119284	28.522561328497225
312	87.85513200640146	59.32590180780453	28.529230198596935
313	88.02676971774477	59.38477631085024	28.641993406894528
314	88.08190499190401	59.526911934581186	28.554993057322825
315	88.68482603037255	59.66904755831214	29.01577847206041
316	88.83717597390404	59.72792206135786	29.10925391254618
317	88.86505181051533	59.87005768508882	28.99499412542651
318	88.91378654835908	60.01219330881976	28.901593239539324
319	89.70932924070931	60.071067811865476	29.638261428843833
320	90.01344635019859	60.154328932550705	29.859117417647887
321	90.02672740247607	60.21320343559642	29.81352396687965
322	90.3441784095694	60.355339059327385	29.98883935024201
323	90.41012342680963	60.41421356237309	29.99590986443654
324	90.684783627153	60.49747468305833	30.187308944094667
325	90.84675529449852	60.55634918610404	30.29040610839448
326	91.28209381585613	60.698484809834994	30.583609006021135
327	92.03032994140932	60.84062043356595	31.189709507843368
328	92.05570657169609	60.899494936611674	31.156211635084418
329	92.46458913607685	60.982756057296896	31.481833078779957
330	92.6883858896182	61.04163056034262	31.646755329275585
331	93.08358824162798	61.18376618407357	31.89982205755441
332	93.27633281476825	61.242640687119284	32.03369212764897
333	93.51984051319744	61.32590180780453	32.19393870539291
334	93.58613719128914	61.38477631085024	32.2013608804389
335	94.0263212770418	61.526911934581186	32.499409342460616
336	94.0278742085092	61.66904755831214	32.35882665019707
337	94.13505596203969	61.72792206135786	32.40713390068183
338	94.68592628147032	61.811183182043095	32.87474309942722
339	94.77577012914296	61.87005768508882	32.90571244405414
340	94.88411136986116	62.01219330881976	32.8719180610414
341	95.15181234715419	62.071067811865476	33.080744535288716
342	95.29299392191156	62.154328932550705	33.138664989360855
343	95.451101114328	62.21320343559642	33.23789767873158
344	95.52562885418895	62.355339059327385	33.17028979486157
345	96.02394468077604	62.41421356237309	33.60973111840295
346	96.06620697418114	62.49747468305833	33.568732291122814
347	96.09678071274824	62.55634918610404	33.5404315266442
348	96.3026831783156	62.698484809834994	33.60419836848061
349	96.47336262458106	62.84062043356595	33.632742191015105
350	96.7548328252968	62.899494936611674	33.85533788868513
351	97.03156475057402	62.982756057296896	34.048808693277124
352	97.21296821415865	63.04163056034262	34.17133765381603
353	97.34530645324881	63.18376618407357	34.16154026917524
354	97.45125699538777	63.242640687119284	34.20861630826848
355	97.53412393775234	63.32590180780453	34.20822212994781
356	97.71865784126577	63.38477631085024	34.333881530415525
357	98.06002357460831	63.526911934581186	34.53311164002712
358	98.12753987701015	63.66904755831214	34.45849231869801
359	98.36139888939074	63.72792206135786	34.63347682803288
360	98.71804626943157	63.811183182043095	34.90686308738847
361	99.4371658418982	63.87005768508882	35.56710815680939
362	99.93965899013948	64.01219330881976	35.92746568131972
363	100.52379626561172	64.07106781186548	36.452728453746246
364	100.5425755423003	64.15432893255071	36.38824660974959
365	100.95145535270883	64.21320343559641	36.73825191711242
366	101.18183542371582	64.35533905932738	36.82649636438845
367	102.34133987158884	64.41421356237309	37.92712630921575
368	102.5757833828177	64.49747468305833	38.078308699759376
369	102.99927917930529	64.55634918610404	38.44292999320125
370	103.10168275371893	64.63961030678928	38.46207244692965
371	103.4479012491778	64.698484809835	38.74941643934281
372	103.53420363229229	64.84062043356596	38.69358319872633
373	103.59637065385824	64.89949493661165	38.6968757172466
374	103.67548728617425	64.98275605729691	38.692731228877335
375	103.94307970947271	65.04163056034261	38.9014491491301
376	104.07532833562477	65.18376618407356	38.89156215155121
377	104.54745095921301	65.24264068711929	39.30481027209372
378	104.69051194078968	65.32590180780451	39.36461013298516
379	105.10168266355896	65.38477631085024	39.71690635270872
380	105.49020451207709	65.52691193458118	39.963292577495906
381	105.57478687195973	65.66904755831214	39.90573931364759
382	105.59637056308549	65.72792206135786	39.86844850172763
383	105.77440066480024	65.81118318204311	39.96321748275713
384	105.96168310434284	65.87005768508881	40.09162541925403
385	105.99274456106173	66.01219330881976	39.980551252241966
386	106.1898888322547	66.07106781186548	40.11882102038922
387	106.27362926226265	66.15432893255071	40.11930032971193
388	106.43242225509569	66.21320343559641	40.219218819499275
389	106.53789934326528	66.35533905932738	40.1825602839379
390	106.68248757486305	66.41421356237309	40.268274012489954
391	106.71160710647897	66.49747468305833	40.21413242342064
392	106.86921289692933	66.55634918610404	40.31286371082528
393	107.10173409005985	66.63961030678928	40.46212378327057
394	107.11025779955207	66.698484809835	40.41177298971708
395	107.34721538315569	66.84062043356596	40.506594949589726
396	107.42151083439808	66.89949493661165	40.52201589778643
397	107.59642198576289	66.98275605729691	40.61366592846598
398	107.86008769752847	67.04163056034261	40.81845713718586
399	107.9239859510902	67.18376618407356	40.74021976701664
400	108.0050899355276	67.24264068711929	40.7624492484083
401	109.1016917768328	67.32590180780451	41.77578996902828
402	109.36630415376585	67.38477631085024	41.98152784291561
403	109.59637957728201	67.46803743153548	42.12834214574653
404	109.69761770040705	67.52691193458118	42.17070576582587
405	110.22159421834431	67.66904755831214	42.552546660032164
406	110.63045615737074	67.72792206135786	42.902534096012886
407	111.10529409091869	67.81118318204311	43.29411090887558
408	111.11327351940058	67.87005768508881	43.24321583431177
409	111.59998183683712	68.01219330881976	43.587788528017356
410	111.98538309945525	68.07106781186548	43.91431528758977
411	112.02345557305858	68.15432893255071	43.86912664050787
412	112.08904178990673	68.21320343559641	43.87583835431032
413	112.20085073365341	68.35533905932738	43.84551167432603
414	112.53216389049363	68.41421356237309	44.11795032812054
415	112.62723999753752	68.49747468305833	44.12976531447919
416	112.74704914467674	68.55634918610404	44.190699958572694
417	112.8954615398355	68.63961030678928	44.255851233046215
418	113.03606461436986	68.698484809835	44.33757980453487
419	113.10283699909078	68.84062043356596	44.262216565524824
420	113.41046467008114	68.89949493661165	44.510969733469494
421	113.59752195003969	68.98275605729691	44.61476589274278
422	114.06832850489228	69.04163056034261	45.02669794454967
423	115.02476940418082	69.18376618407356	45.841003220107254
424	115.17174345162992	69.24264068711929	45.92910276451063
425	115.35608106031474	69.32590180780451	46.03017925251022
426	115.66642948729543	69.38477631085024	46.28165317644519
427	116.04569254133013	69.46803743153548	46.57765510979465
428	116.54821030308041	69.52691193458118	47.02129836849923
429	116.76067915743441	69.66904755831214	47.091631599122266
430	117.13497914696308	69.72792206135786	47.40705708560522
431	117.37581752924015	69.81118318204311	47.56463434719704
432	117.5451870296717	69.87005768508881	47.675129344582885
433	117.62964081436772	70.01219330881976	47.61744750554796
434	117.90926685421249	70.07106781186548	47.838199042347014
435	118.0163983021565	70.15432893255071	47.86206936960579
436	118.04766277420065	70.21320343559641	47.83445933860423
437	118.34770688170092	70.29646455628165	48.05124232541927
438	118.52435908755841	70.35533905932738	48.16902002823103
439	118.68023668053823	70.41421356237309	48.26602311816514
440	119.0890843732019	70.49747468305833	48.59160969014357
441	119.51302224393021	70.55634918610404	48.956673057826166
442	119.59875721861742	70.63961030678928	48.95914691182814
443	120.09343668084772	70.69848480983498	49.394951871012736
444	120.17102031500345	70.84062043356595	49.3303998814375
445	120.6115950034763	70.89949493661165	49.71210006686465
446	120.61262930817792	70.98275605729691	49.629873250881005
447	120.75583542653037	71.04163056034261	49.71420486618776
448	120.77228119191992	71.18376618407356	49.588515007846354
449	121.02041122532724	71.24264068711929	49.777770538207946
450	121.08713374057824	71.32590180780451	49.761231932773725
451	121.27051750186682	71.38477631085024	49.88574119101658
452	121.41627305216636	71.46803743153548	49.94823562063088
453	121.52213724313732	71.52691193458118	49.995225308556144
454	121.64438990965769	71.66904755831214	49.975342351345546
455	121.9108802984358	71.72792206135786	50.18295823707794
456	122.39419276381548	71.8111831820431	50.58300958177239
457	122.42176406892663	71.87005768508881	50.551706383837825
458	122.68910460085407	72.01219330881976	50.676911292034305
459	124.33646643183506	72.07106781186548	52.26539861996959
460	124.70379328301595	72.15432893255071	52.54946435046524
461	124.70859869759018	72.21320343559641	52.495395261993764
462	124.84936404203206	72.29646455628165	52.552899485750416
463	125.03509094305859	72.35533905932739	52.6797518837312
464	125.25016888239143	72.41421356237309	52.83595532001834
465	125.34403415136698	72.49747468305834	52.84655946830864
466	125.51750941116829	72.55634918610403	52.96116022506426
467	126.33646634157756	72.63961030678928	53.69685603478828
468	126.42213618844977	72.69848480983498	53.72365137861479
469	126.70859860627306	72.84062043356595	53.86797817270711
470	126.91670750200943	72.89949493661165	54.017212565397784
471	127.10947533627531	72.98275605729691	54.1267192789784
472	127.44075458537941	73.04163056034261	54.3991240250368
473	128.05052303478985	73.12489168102785	54.925631353762
474	128.08471550622403	73.18376618407356	54.90094932215047
475	128.3365177704056	73.24264068711929	55.093877083286316
476	128.35205575281964	73.32590180780451	55.026153945015125
477	128.70851622663236	73.38477631085024	55.32373991578211
478	128.70865005616207	73.46803743153548	55.24061262462659
479	128.73104430765184	73.52691193458118	55.204132373070664
480	128.96063865281795	73.66904755831214	55.291591094505804
481	129.2335304462017	73.72792206135787	55.50560838484384
482	129.23572605158822	73.8111831820431	55.42454286954512
483	129.6185715142945	73.87005768508881	55.74851382920569
484	129.6445585931742	74.01219330881976	55.632365284354435
485	129.8796568461909	74.07106781186548	55.80858903432542
486	130.33647544282994	74.15432893255071	56.182146510279225
487	130.38212815085674	74.21320343559641	56.16892471526033
488	130.7086076205576	74.29646455628165	56.41214306427594
489	130.73526447112866	74.35533905932739	56.37992541180127
490	130.90863453476024	74.41421356237309	56.49442097238715
491	131.14407966934579	74.49747468305834	56.64660498628744
492	131.16401152070856	74.55634918610403	56.60766233460453
493	131.17597378080228	74.63961030678928	56.536363474013
494	131.57128285101402	74.69848480983498	56.87279804117904
495	131.65867411718807	74.84062043356595	56.818053683622125
496	132.18637404410944	74.89949493661165	57.286879107497796
497	132.34007806003478	74.98275605729691	57.357322002737874
498	132.44339880078473	75.04163056034261	57.401768240442124
499	132.48539850254068	75.12489168102785	57.36050682151283
500	132.71221042903	75.18376618407356	57.52844424495643
501	132.9799727845337	75.24264068711929	57.737332097414395
502	133.0584804396431	75.32590180780451	57.73257863183858
503	133.16243857331338	75.38477631085024	57.77766226246314
504	133.49372603552038	75.46803743153548	58.025688603984904
505	133.9002641546547	75.52691193458118	58.37335222007353
506	134.16760104732626	75.66904755831214	58.498553489014114
507	134.33762084781299	75.72792206135787	58.60969878645511
508	134.70975113126258	75.8111831820431	58.89856794921948
509	135.0938456247305	75.87005768508881	59.223787939641696
510	135.42511900717918	75.95331880577405	59.47180020140513
511	136.40653101906446	76.01219330881976	60.3943377102447
512	136.63970651615787	76.07106781186548	60.5686387042924
513	136.77866382393742	76.15432893255071	60.62433489138671
514	136.90703757581454	76.21320343559641	60.69383414021813
515	137.70953959411443	76.29646455628165	61.41307503783278
516	138.3675322342243	76.35533905932739	62.01219317489692
517	138.36977043672854	76.41421356237309	61.95555687435545
518	138.4593521193662	76.49747468305834	61.96187743630786
519	138.587998572181	76.55634918610403	62.031649386076964
520	138.74188932419273	76.63961030678928	62.10227901740345
521	139.0826576418489	76.69848480983498	62.38417283201392
522	139.11732829111637	76.84062043356595	62.27670785755042
523	139.6875830385183	76.89949493661165	62.788088101906666
524	139.87712335308734	76.98275605729691	62.89436729579043
525	140.09185162788012	77.04163056034261	63.05022106753751
526	140.18218822714752	77.12489168102785	63.05729654611967
527	140.5876621678576	77.18376618407356	63.403895983784025
528	140.83355585344566	77.24264068711929	63.59091516632637
529	140.85499107123678	77.32590180780451	63.52908926343227
530	141.2056877442071	77.38477631085024	63.820911433356855
531	141.92107912189655	77.46803743153548	64.45304169036108
532	142.3298909099234	77.52691193458118	64.80297897534221
533	142.65110292747366	77.66904755831214	64.98205536916151
534	142.70552816656138	77.72792206135787	64.9776061052035
535	142.92025644055644	77.8111831820431	65.10907325851335
536	142.9933637342264	77.87005768508881	65.12330604913758
537	143.02320275018417	77.95331880577405	65.06988394441012
538	143.06972447578977	78.01219330881976	65.05753116697001
539	143.2606843640694	78.07106781186548	65.18961655220392
540	143.47853642901984	78.15432893255071	65.32420749646913
541	143.54165220325444	78.21320343559641	65.32844876765803
542	143.7179289272087	78.29646455628165	65.42146437092705
543	144.04410666853104	78.35533905932739	65.68876760920365
544	144.04920813597926	78.41421356237309	65.63499457360616
545	144.41378455686618	78.49747468305834	65.91630987380783
546	144.9162503745503	78.55634918610403	66.35990118844626
547	145.21750896804795	78.63961030678928	66.57789866125867
548	145.54007475492557	78.69848480983498	66.84158994509059
549	145.54878002573162	78.78174593052022	66.7670340952114
550	145.75480283777637	78.84062043356595	66.91418240421042
551	146.08417436001338	78.89949493661165	67.18467942340173
552	146.45630319722864	78.98275605729691	67.47354713993172
553	147.12550336418582	79.04163056034261	68.0838728038432
554	147.62016268713214	79.12489168102785	68.49527100610429
555	147.65701265674872	79.18376618407356	68.47324647267516
556	147.7677564310185	79.24264068711929	68.52511574389922
557	148.02910129441847	79.32590180780451	68.70319948661395
558	148.03562022951846	79.38477631085024	68.65084391866822
559	148.05003544853562	79.46803743153548	68.58199801700015
560	148.36399380334757	79.52691193458118	68.83708186876639
561	148.50854715848845	79.66904755831214	68.83949960017631
562	148.53025397706674	79.72792206135787	68.80233191570886
563	148.57872119197125	79.8111831820431	68.76753800992816
564	149.04630930603884	79.87005768508881	69.17625162095003
565	149.1236135303664	79.95331880577405	69.17029472459237
566	149.16654452991918	80.01219330881976	69.15435122109942
567	149.31363123200154	80.07106781186548	69.24256342013607
568	149.7677563401984	80.15432893255071	69.61342740764768
569	149.78162557634394	80.21320343559641	69.56842214074753
570	150.05003535694811	80.29646455628165	69.75357080066647
571	150.97774500382369	80.35533905932739	70.6224059444963
572	151.24506021242397	80.41421356237309	70.83084665005087
573	151.35562343611235	80.49747468305834	70.85814875305401
574	151.5703492432226	80.55634918610403	71.01400005711858
575	151.76780778671534	80.63961030678928	71.12819747992606
576	152.0500868155111	80.69848480983498	71.35160200567611
577	152.3988263880013	80.78174593052022	71.6170804574811
578	152.77095526159266	80.84062043356595	71.93033482802672
579	153.72029396931572	80.89949493661165	72.82079903270407
580	153.76776544904595	80.98275605729691	72.78500939174904
581	154.05004446724638	81.04163056034261	73.00841390690377
582	154.0924068918835	81.12489168102785	72.96751521085567
583	154.0950663907343	81.18376618407356	72.91130020666074
584	154.30978850265743	81.24264068711929	73.06714781553814
585	155.7713688403437	81.32590180780451	74.4454670325392
586	156.05364812625353	81.38477631085024	74.66887181540329
587	156.40328470597152	81.46803743153548	74.93524727443604
588	156.7316895002337	81.52691193458118	75.20477756565252
589	156.73454939188983	81.61017305526644	75.12437633662338
590	156.78452074506382	81.66904755831214	75.11547318675167
591	157.1404810963947	81.72792206135787	75.41255903503682
592	157.27918125038957	81.8111831820431	75.46799806834647
593	157.53433121922242	81.87005768508881	75.66427353413361
594	157.5519623175511	81.95331880577405	75.59864351177706
595	157.6038454902717	82.01219330881976	75.59165218145195
596	157.76891240281202	82.07106781186548	75.69784459094654
597	157.88322970535637	82.15432893255071	75.72890077280566
598	158.0126533431906	82.21320343559641	75.7994499075942
599	158.02901111993808	82.29646455628165	75.73254656365643
600	158.0430219294233	82.35533905932739	75.68768287009591
601	158.0511929407223	82.41421356237309	75.63697937834921
602	158.2577423704467	82.49747468305834	75.76026768738835
603	159.18018523623286	82.55634918610403	76.62383605012883
604	159.35170187658244	82.63961030678928	76.71209156979316
605	159.60180085446737	82.69848480983498	76.90331604463239
606	159.8228099485807	82.78174593052022	77.04106401806048
607	159.83782919168982	82.84062043356595	76.99720875812388
608	159.86911715094243	82.89949493661165	76.96962221433078
609	160.1201095959631	82.98275605729691	77.13735353866619
610	160.19494546387406	83.04163056034261	77.15331490353145
611	160.44872789366997	83.12489168102785	77.32383621264212
612	160.4789200036224	83.18376618407356	77.29515381954883
613	160.6634435355668	83.24264068711929	77.42080284844752
614	160.92246713078944	83.32590180780451	77.59656532298493
615	160.9813614615997	83.38477631085024	77.59658515074946
616	161.10140797792513	83.46803743153548	77.63337054638966
617	161.13692692241688	83.52691193458118	77.6100149878357
618	161.29460845163496	83.61017305526644	77.68443539636851
619	161.36871810017547	83.66904755831214	77.69967054186333
620	161.6393976170614	83.72792206135787	77.91147555570353
621	161.8010883943539	83.8111831820431	77.98990521231082
622	162.00859005110192	83.87005768508881	78.13853236601311
623	162.08338326133546	83.95331880577405	78.13006445556141
624	162.18010669139323	84.01219330881976	78.16791338257347
625	164.2648730531394	84.07106781186548	80.19380524127394
626	164.54715294942537	84.15432893255071	80.39282401687466
627	164.84313655796456	84.21320343559641	80.62993312236814
628	165.0146530787891	84.29646455628165	80.71818852250746
629	166.08251257953043	84.35533905932739	81.72717352020304
630	166.36484740944226	84.41421356237309	81.95063384706917
631	166.50166896215958	84.43860018001261	82.06306878214697
632	166.71638485602213	84.49747468305834	82.21891017296379
633	167.58352632810914	84.55634918610403	83.02717714200512
634	167.6670555661659	84.63961030678928	83.02744525937663
635	167.8385715794968	84.69848480983498	83.14008676966182
636	168.0781872817279	84.78174593052022	83.29644135120769
637	168.19859390515552	84.84062043356595	83.35797347158957
638	168.36030534626101	84.89949493661165	83.46081040964937
639	168.4331134867992	84.98275605729691	83.45035742950228
640	168.64782281417553	85.04163056034261	83.60619225383292
641	168.6932927370294	85.12489168102785	83.56840105600155
642	168.73245092931947	85.18376618407356	83.54868474524591
643	169.27047012837724	85.24264068711929	84.02782944125795
644	169.51550717112002	85.32590180780451	84.18960536331551
645	169.64264618375782	85.38477631085024	84.25786987290758
646	169.79778490717752	85.46803743153548	84.32974747564204
647	170.65868443986955	85.52691193458118	85.13177250528837
648	170.83019958666046	85.61017305526644	85.22002653139401
649	171.0885130691211	85.66904755831214	85.41946551080895
650	171.21389582406556	85.72792206135787	85.48597376270769
651	171.37087471629187	85.8111831820431	85.55969153424877
652	171.54514738418052	85.87005768508881	85.67508969909171
653	172.08607550044465	85.95331880577405	86.1327566946706
654	172.28715804764963	86.01219330881977	86.27496473882985
655	172.4173428299799	86.07106781186546	86.34627501811444
656	172.5544658042039	86.1543289325507	86.40013687165319
657	173.39812611795867	86.21320343559643	87.18492268236224
658	173.43585823893196	86.29646455628166	87.1393936826503
659	173.45390838727613	86.35533905932739	87.09856932794874
660	173.5696384544051	86.41421356237308	87.15542489203202
661	173.66895810016575	86.43860018001261	87.23035792015314
662	173.6726913332874	86.49747468305834	87.17521665022905
663	173.7031645517477	86.55634918610403	87.14681536564368
664	174.0777407031305	86.63961030678928	87.43813039634122
665	174.3269792362723	86.69848480983498	87.62849442643733
666	174.7357934066344	86.78174593052022	87.95404747611418
667	175.4539082967073	86.84062043356596	88.61328786314135
668	175.672691243919	86.89949493661165	88.77319630730734
669	175.83016044677603	86.98275605729691	88.84740438947912
670	176.11244460765977	87.04163056034261	89.07081404731716
671	177.05716093451525	87.12489168102785	89.9322692534874
672	177.15180413493204	87.18376618407356	89.96803795085847
673	177.27187344165054	87.24264068711929	90.02923275453125
674	177.34608128184817	87.26702730475878	90.07905397708939
675	177.4341699996611	87.32590180780451	90.10826819185658
676	177.45395976840325	87.38477631085024	90.06918345755301
677	177.51759324569625	87.46803743153549	90.04955581416075
678	177.67274272704196	87.52691193458118	90.14583079246079
679	178.01930928178717	87.61017305526644	90.40913622652073
680	178.39145985331075	87.66904755831214	90.7224122949986
681	178.55677790449215	87.72792206135787	90.82885584313428
682	178.76915991730274	87.8111831820431	90.95797673525965
683	178.77148167624145	87.87005768508881	90.90142399115264
684	179.14136484907502	87.95331880577405	91.18804604330097
685	179.4539175053967	88.01219330881977	91.44172419657693
686	179.55389577479443	88.07106781186546	91.48282796292897
687	179.67270073611655	88.1543289325507	91.51837180356586
688	179.75178299899252	88.21320343559643	91.5385795633961
689	179.9232906542695	88.29646455628166	91.62682609798783
690	180.04855705836815	88.35533905932739	91.69321799904075
691	180.05633935659912	88.41421356237308	91.64212579422605
692	180.5510450423372	88.43860018001261	92.11244486232458
693	180.8170231085786	88.49747468305834	92.31954842552027
694	180.95299520977704	88.55634918610403	92.39664602367301
695	181.45752164304108	88.63961030678928	92.8179113362518
696	181.6763047861834	88.69848480983498	92.97781997634843
697	183.2541341724728	88.78174593052022	94.47238824195257
698	183.45506888644096	88.84062043356596	94.614448452875
699	183.53644012275538	88.89949493661165	94.63694518614373
700	183.64542792491298	88.98275605729691	94.66267186761607
701	183.67386001192256	89.04163056034261	94.63222945157995
702	183.781400026191	89.12489168102785	94.65650834516315
703	184.35393725260872	89.18376618407356	95.17017106853515
704	184.63632022744483	89.24264068711929	95.39367954032554
705	185.52398867219918	89.26702730475878	96.2569613674404
706	185.74277133337998	89.32590180780451	96.41686952557546
707	185.8047269599134	89.38477631085024	96.41995064906317
708	185.97623605051285	89.46803743153549	96.50819861897736
709	186.47997433950673	89.52691193458118	96.95306240492555
710	186.61594637865602	89.61017305526644	97.00577332338958
711	187.09776739947014	89.66904755831214	97.428719841158
712	187.36506693791665	89.72792206135787	97.63714487655878
713	187.48729026842145	89.8111831820431	97.67610708637835
714	187.70614155822798	89.87005768508881	97.83608387313917
715	187.73616682728766	89.95331880577405	97.78284802151362
716	187.90766761376648	90.01219330881977	97.8954743049467
717	187.96996452901425	90.07106781186546	97.89889671714879
718	188.15116207387246	90.09545442950501	98.05570764436744
719	188.23727172065452	90.15432893255071	98.08294278810381
720	188.482408073744	90.21320343559643	98.26920463814758
721	188.809197438742	90.29646455628166	98.51273288246033
722	188.81830132080123	90.35533905932735	98.46296226147388
723	189.1404682982804	90.41421356237308	98.72625473590733
724	189.19044825105556	90.43860018001259	98.75184807104297
725	189.30389330662172	90.49747468305834	98.80641862356337
726	189.43339639215327	90.55634918610404	98.87704720604923
727	189.43986496953082	90.63961030678928	98.80025466274154
728	189.7425186565091	90.698484809835	99.04403384667411
729	189.80560483653153	90.78174593052023	99.0238589060113
730	189.9510471064706	90.84062043356596	99.11042667290465
731	189.9572255527481	90.89949493661165	99.05773061613645
732	190.1698228035471	90.98275605729692	99.18706674625018
733	190.89122814868983	91.0416305603426	99.84959758834724
734	191.1059267519074	91.12489168102785	99.98103507087954
735	191.76884031924317	91.18376618407356	100.5850741351696
736	191.79161451687008	91.24264068711928	100.5489738297508
737	191.98781656739624	91.26702730475881	100.72078926263742
738	192.07394768806614	91.32590180780451	100.74804588026163
739	192.29552114373283	91.38477631085024	100.91074483288259
740	192.43149247984928	91.46803743153549	100.96345504831379
741	192.70188222596522	91.52691193458121	101.17497029138401
742	192.74393144628382	91.61017305526644	101.13375839101738
743	192.9843011655936	91.66904755831214	101.31525360728145
744	193.15271446795919	91.72792206135786	101.42479240660133
745	193.23859718396838	91.81118318204308	101.4274140019253
746	193.64742036206482	91.87005768508881	101.77736267697601
747	195.03496089032336	91.95331880577405	103.08164208454932
748	195.1709299968836	92.01219330881977	103.15873668806381
749	195.20168878440253	92.07106781186548	103.13062097253706
750	195.42045534411494	92.09545442950501	103.32500091460993
751	196.36021913087856	92.15432893255071	104.20589019832785
752	196.53172586775193	92.21320343559643	104.3185224321555
753	196.7749329066915	92.29646455628166	104.47846835040984
754	196.9939516099432	92.35533905932735	104.63861255061585
755	197.85983307353737	92.41421356237308	105.4456195111643
756	198.03132560165585	92.43860018001259	105.59272542164327
757	198.982915689462	92.49747468305834	106.48544100640366
758	199.11888541666684	92.55634918610404	106.5625362305628
759	200.78866029471646	92.63961030678928	108.14904998792719
760	201.16079887077282	92.698484809835	108.46231406093783
761	201.2911187434732	92.78174593052023	108.50937281295296
762	201.3886094191234	92.84062043356596	108.54798898555745
763	201.45059903855713	92.89949493661165	108.55110410194548
764	201.4875377743904	92.9238815542512	108.56365622013921
765	201.51633686309913	92.98275605729692	108.5335808058022
766	201.52457524598012	93.0416305603426	108.48294468563752
767	201.663315218928	93.12489168102785	108.53842353790016
768	201.66421948534276	93.18376618407356	108.4804533012692
769	201.7329488698166	93.24264068711928	108.49030818269732
770	201.73511345851054	93.26702730475881	108.46808615375173
771	202.20052111402538	93.32590180780451	108.87461930622086
772	202.48296473927812	93.38477631085024	109.09818842842787
773	202.83820629349526	93.46803743153549	109.37016886195977
774	203.057185677174	93.52691193458121	109.5302737425928
775	203.48753768527754	93.61017305526644	109.8773646300111
776	203.6642194006496	93.66904755831214	109.99517184233747
777	204.03502941948486	93.72792206135786	110.307107358127
778	204.30232529459545	93.81118318204308	110.49114211255237
779	204.55312499392033	93.87005768508881	110.68306730883153
780	204.693075154135	93.95331880577405	110.73975634836094
781	204.76782665808528	94.01219330881977	110.75563334926551
782	204.9603852396653	94.07106781186548	110.88931742779982
783	205.42532990088156	94.09545442950501	111.32987547137655
784	205.4875891800228	94.15432893255071	111.3332602474721
785	205.64003045619683	94.21320343559643	111.4268270206004
786	205.6642708962385	94.29646455628166	111.36780633995683
787	205.76924376355072	94.35533905932735	111.41390470422337
788	205.87573049891827	94.41421356237308	111.4615169365452
789	207.22613348582402	94.43860018001259	112.78753330581144
790	207.44156001182486	94.49747468305834	112.94408532876652
791	207.48754710397426	94.55634918610404	112.93119791787022
792	207.5573779475021	94.63961030678928	112.91776764071281
793	207.5775279143407	94.698484809835	112.8790431045057
794	207.66422941598	94.78174593052023	112.88248348545977
795	207.72080274740142	94.84062043356596	112.88018231383546
796	208.0520778745409	94.89949493661165	113.15258293792927
797	208.59764857881584	94.9238815542512	113.67376702456464
798	208.70413531393126	94.98275605729692	113.72137925663434
799	208.94029758485772	95.0416305603426	113.89866702451512
800	209.04557709468585	95.12489168102785	113.920685413658
801	209.1591103217156	95.18376618407356	113.97534413764203
802	209.21707980093396	95.24264068711928	113.97443911381468
803	209.37298928867577	95.26702730475881	114.10596198391696
804	209.49115174024715	95.32590180780451	114.16524993244263
805	209.5089485524207	95.38477631085024	114.12417224157045
806	209.66783334001224	95.46803743153549	114.19979590847674
807	210.0402689502079	95.52691193458121	114.51335701562668
808	210.19428571958665	95.61017305526644	114.5841126643202
809	210.259234181263	95.66904755831214	114.59018662295085
810	210.36577540009074	95.72792206135786	114.63785333873288
811	211.43219492185628	95.75230867899738	115.6798862428589
812	211.48870523096	95.81118318204308	115.67752204891691
813	211.53868163042588	95.87005768508881	115.66862394533707
814	211.66540226049074	95.95331880577405	115.71208345471669
815	212.24957504341947	96.01219330881977	116.2373817345997
816	212.5319228285181	96.07106781186548	116.46085501665263
817	212.8647143001903	96.09545442950501	116.76925987068527
818	213.14715198522157	96.15432893255071	116.99282305267086
819	213.557623584414	96.21320343559643	117.34442014881756
820	213.73430126105075	96.29646455628166	117.43783670476908
821	213.97869155077262	96.35533905932735	117.62335249144527
822	214.25611376426392	96.41421356237308	117.84190020189084
823	214.3508209653489	96.43860018001259	117.91222078533632
824	214.3626002088941	96.49747468305834	117.86512552583575
825	214.38748293302564	96.55634918610404	117.8311337469216
826	214.75965965735145	96.63961030678928	118.12004935056217
827	215.52098606561046	96.698484809835	118.82250125577546
828	215.69778571268304	96.78174593052023	118.91603978216281
829	217.2477408099773	96.84062043356596	120.40712037641134
830	217.35422719984896	96.89949493661165	120.45473226323732
831	217.4777623125919	96.9238815542512	120.5538807583407
832	217.69662510937428	96.98275605729692	120.71386905207736
833	217.98468996797482	97.0416305603426	120.94305940763222
834	217.997052507857	97.12489168102785	120.87216082682916
835	218.1330185278397	97.18376618407356	120.94925234376615
836	218.1613501139138	97.24264068711928	120.91870942679454
837	218.38814299925224	97.26702730475881	121.12111569449343
838	218.6071391317124	97.32590180780451	121.28123732390787
839	219.49665806700045	97.38477631085024	122.11188175615021
840	219.6326089732716	97.46803743153549	122.16457154173611
841	219.80268474029586	97.52691193458121	122.27577280571465
842	219.97967360524189	97.61017305526644	122.36950054997544
843	219.98717797942243	97.66904755831214	122.31813042111028
844	220.09366272454372	97.72792206135786	122.36574066318586
845	221.490382280925	97.75230867899738	123.73807360192761
846	221.7050811308289	97.81118318204308	123.8938979487858
847	222.1484322778004	97.87005768508881	124.27837459271159
848	222.3631357475173	97.95331880577405	124.40981694174326
849	223.10999951399415	98.01219330881977	125.09780620517438
850	223.23532938013523	98.07106781186548	125.16426156826975
851	223.37729200166697	98.09545442950501	125.28183757216196
852	223.41197117160985	98.15432893255071	125.25764223905914
853	223.60467046101388	98.21320343559643	125.39146702541746
854	223.8561801646533	98.29646455628166	125.55971560837163
855	223.87198308044614	98.35533905932735	125.5166440211188
856	223.93513354166015	98.41421356237308	125.52091997928707
857	224.02767941483364	98.43860018001259	125.58907923482106
858	224.04161924349162	98.49747468305834	125.54414456043328
859	224.21992329697014	98.55634918610404	125.6635741108661
860	224.50225553283798	98.58073580374355	125.92151972909443
861	224.72240843235886	98.63961030678928	126.08279812556958
862	224.72838569194863	98.698484809835	126.02990088211364
863	224.80885920037846	98.78174593052023	126.02711326985823
864	224.89987778494984	98.84062043356596	126.05925735138388
865	224.9858855687413	98.89949493661165	126.08639063212966
866	225.00481688767945	98.9238815542512	126.08093533342826
867	226.34081792260747	98.98275605729692	127.35806186531055
868	226.4473003267823	99.0416305603426	127.40566976643971
869	227.1367375105739	99.12489168102785	128.01184582954608
870	227.35563419695316	99.18376618407356	128.1718680128796
871	227.88672907717904	99.24264068711928	128.64408839005978
872	228.10575295529014	99.26702730475881	128.83872565053133
873	228.46089480648288	99.32590180780451	129.13499299867837
874	228.7921414860491	99.38477631085024	129.40736517519886
875	228.83301603594623	99.46803743153549	129.36497860441074
876	229.16429849411327	99.52691193458121	129.63738655953205
877	229.5499623364801	99.61017305526644	129.93978928121365
878	229.72661624207387	99.66904755831214	130.05756868376173
879	230.6824104026908	99.72792206135786	130.95448834133293
880	230.81837336995724	99.75230867899738	131.06606469095988
881	230.87208332072117	99.81118318204308	131.0609001386781
882	231.04902334746777	99.87005768508881	131.17896566237897
883	231.83111438008015	99.95331880577405	131.8777955743061
884	231.96706236463547	100.01219330881977	131.9548690558157
885	232.0176778824514	100.07106781186548	131.94661007058593
886	232.16939776453754	100.09545442950501	132.07394333503254
887	232.39377712666717	100.15432893255071	132.23944819411645
888	232.5002616727431	100.21320343559644	132.28705823714665
889	234.01767779508236	100.29646455628166	133.72121323880071
890	234.1693976837603	100.35533905932738	133.81405862443293
891	234.32519468572445	100.41421356237308	133.91098112335138
892	234.4316713852413	100.43860018001259	133.99307120522872
893	236.01772930148917	100.49747468305831	135.52025461843084
894	236.1694491767556	100.55634918610404	135.61309999065156
895	236.67469536305848	100.58073580374355	136.09395955931492
896	236.75592008134083	100.63961030678928	136.11630977455155
897	236.97390405620453	100.698484809835	136.27541924636955
898	237.1506120314168	100.78174593052023	136.36886610089658
899	237.40994892903703	100.84062043356596	136.56932849547107
900	237.69226191567643	100.89949493661165	136.79276697906477
901	237.81875571597527	100.9238815542512	136.8948741617241
902	237.93570803533572	100.98275605729692	136.9529519780388
903	238.0176874120713	101.0416305603426	136.97605685172869
904	238.0740472033924	101.12489168102785	136.94915552236455
905	238.1011273438231	101.18376618407356	136.91736115974953
906	238.15460861931908	101.24264068711928	136.9119679321998
907	238.16940802468326	101.2670273047588	136.90238071992445
908	238.25095199324443	101.32590180780451	136.92505018543991
909	238.55089034382505	101.38477631085024	137.1661140329748
910	238.76990475508518	101.40916292848976	137.36074182659542
911	239.50310017491768	101.46803743153549	138.03506274338218
912	239.58432489201883	101.52691193458121	138.05741295743763
913	240.02129225223527	101.61017305526644	138.41111919696883
914	240.173011622244	101.66904755831214	138.50396406393185
915	240.565351754669	101.72792206135786	138.83742969331115
916	240.78004596915255	101.75230867899738	139.0277372901552
917	240.7934332223796	101.8111831820431	138.9822500403365
918	240.96493018831646	101.87005768508881	139.09487250322763
919	241.06002243825432	101.95331880577405	139.10670363248028
920	241.2747285900639	102.01219330881977	139.2625352812441
921	241.45148362847743	102.07106781186548	139.38041581661196
922	241.6229789021936	102.09545442950501	139.52752447268858
923	242.01885124357528	102.15432893255071	139.8645223110246
924	242.17058853387056	102.21320343559644	139.95738509827413
925	242.33764646874195	102.29646455628166	140.04118191246027
926	242.4188711771914	102.35533905932738	140.063532117864
927	242.94927002554383	102.41421356237308	140.53505646317075
928	243.05575302191647	102.43860018001259	140.61715284190387
929	244.08776688153003	102.49747468305831	141.59029219847173
930	244.2394785730772	102.55634918610404	141.68312938697318
931	244.34476554539262	102.58073580374355	141.76402974164907
932	244.44886666782955	102.63961030678928	141.80925636104027
933	244.5553358035878	102.698484809835	141.8568509937528
934	244.6120561068484	102.78174593052023	141.83031017632817
935	244.71687857810286	102.84062043356596	141.8762581445369
936	244.9841958637339	102.89949493661165	142.08470092712224
937	245.16156510228194	102.9238815542512	142.23768354803076
938	245.24278964065635	102.98275605729692	142.26003358335942
939	245.49301033706337	103.0416305603426	142.45137977672078
940	245.5113556652467	103.12489168102785	142.38646398421884
941	245.62897104255703	103.18376618407356	142.44520485848346
942	245.68813666443802	103.24264068711928	142.44549597731873
943	246.05117980621503	103.2670273047588	142.78415250145622
944	246.20302537515258	103.32590180780451	142.87712356734806
945	246.3652142699606	103.38477631085024	142.98043795911036
946	246.42183924902176	103.40916292848976	143.012676320532
947	246.50116430683082	103.46803743153549	143.03312687529532
948	246.59877959235703	103.52691193458121	143.07186765777584
949	248.1531917067576	103.61017305526644	144.54301865149117
950	248.2344162684903	103.66904755831214	144.56536871017815
951	248.5148374016113	103.72792206135786	144.78691534025342
952	248.6665220596384	103.75230867899738	144.914213380641
953	249.906053399152	103.8111831820431	146.0948702171089
954	250.12493797484333	103.87005768508881	146.2548802897545
955	250.3329937546063	103.95331880577405	146.37967494883225
956	250.40856569186397	104.01219330881977	146.3963723830442
957	250.48501616381665	104.07106781186548	146.41394835195118
958	250.6275416548843	104.09545442950501	146.5320872253793
959	250.8926257916284	104.15432893255071	146.7382968590777
960	250.97384929101855	104.21320343559644	146.76064585542213
961	251.89215172572597	104.23759005323595	147.65456167249002
962	252.1744449808154	104.29646455628166	147.87798042453375
963	252.22340695228368	104.35533905932738	147.8680678929563
964	252.50574225418015	104.41421356237308	148.09152869180707
965	253.7654701808961	104.43860018001259	149.3268700008835
966	253.91713226512178	104.49747468305831	149.41965758206345
967	254.84058336885383	104.55634918610404	150.2842341827498
968	254.921807646516	104.58073580374355	150.34107184277244
969	255.1703287580008	104.63961030678928	150.53071845121153
970	255.3392285520816	104.698484809835	150.64074374224663
971	255.34716083930905	104.78174593052023	150.56541490878882
972	255.49125319824623	104.84062043356596	150.65063276468027
973	255.63462758098729	104.89949493661165	150.73513264437565
974	255.74110831174218	104.9238815542512	150.81722675749097
975	255.92037752639598	104.98275605729692	150.93762146909904
976	256.0973568547471	105.0416305603426	151.0557262944045
977	256.7833267074418	105.12489168102785	151.65843502641394
978	256.8897930257187	105.18376618407356	151.70602684164513
979	257.24625807621413	105.24264068711928	152.00361738909487
980	257.32747980129557	105.2670273047588	152.06045249653675
981	259.8684020698993	105.32590180780451	154.54250026209476
982	260.0398940373137	105.38477631085024	154.65511772646343
983	260.0800827067804	105.40916292848976	154.67091977829062
984	260.2317674710961	105.46803743153549	154.76373003956058
985	260.3630726815656	105.52691193458121	154.83616074698438
986	260.53457151397924	105.61017305526644	154.9243984587128
987	261.40240094135703	105.66904755831214	155.73335338304489
988	261.5543297978128	105.72792206135786	155.82640773645494
989	261.8001240598136	105.75230867899738	156.0478153808162
990	262.01481372048823	105.8111831820431	156.20363053844514
991	262.1722306412317	105.87005768508881	156.3021729561429
992	262.3869417362181	105.95331880577405	156.43362293044405
993	262.4302595341633	106.01219330881977	156.41806622534355
994	262.56621853887987	106.07106781186548	156.4951507270144
995	263.0883102965924	106.09545442950501	156.99285586708737
996	263.0960760321576	106.15432893255071	156.9417470996069
997	263.22426336951884	106.21320343559644	157.0110599339224
998	263.299226866024	106.23759005323595	157.06163681278807
999	263.31493760469243	106.29646455628166	157.01847304841078
1000	263.38045040270055	106.35533905932738	157.02511134337317
1001	263.50490043534927	106.41421356237308	157.0906868729762
1002	263.7238284318101	106.43860018001259	157.2852282517975
1003	265.23063333839	106.49747468305831	158.7331586553317
1004	265.29011427715403	106.55634918610404	158.73376509104997
1005	265.31185026564486	106.58073580374355	158.7311144619013
1006	265.42983046295785	106.63961030678928	158.79022015616857
1007	265.96930583935693	106.698484809835	159.27082102952193
1008	266.1461491773037	106.78174593052023	159.36440324678347
1009	266.58451985649486	106.84062043356596	159.7438994229289
1010	266.76149308135894	106.89949493661165	159.8619981447473
1011	267.29011419073606	106.9238815542512	160.36623263648488
1012	267.42983038335643	106.98275605729692	160.44707432605952
1013	267.5040006444843	107.0416305603426	160.4623700841417
1014	267.65576011487485	107.06601717798212	160.58974293689272
1015	267.77602725098757	107.12489168102785	160.6511355699597
1016	268.0433211837633	107.18376618407356	160.85955499968972
1017	268.058300738341	107.24264068711928	160.81566005122176
1018	268.32562761303404	107.2670273047588	161.05860030827523
1019	268.6042730747969	107.32590180780451	161.27837126699237
1020	268.7561913366717	107.38477631085024	161.37141502582145
1021	269.29016569884254	107.40916292848976	161.88100277035278
1022	269.42988186083215	107.46803743153549	161.96184442929666
1023	270.4452247818087	107.52691193458121	162.91831284722747
1024	270.5517040150454	107.61017305526644	162.94153095977896
1025	271.290123906563	107.66904755831214	163.62107634825085
1026	271.31742716760465	107.72792206135786	163.5895051062468
1027	271.4238948618833	107.75230867899738	163.6715861828859
1028	271.42984072716354	107.8111831820431	163.61865754512044
1029	273.29372872933874	107.87005768508881	165.42367104424994
1030	273.4334438884829	107.95331880577405	165.48012508270884
1031	273.8547202147035	108.01219330881977	165.84252690588372
1032	273.93594252422264	108.07106781186548	165.86487471235716
1033	275.29129020274195	108.09545442950501	167.19583577323692
1034	275.3543089215557	108.15432893255071	167.199979989005
1035	275.4310200557743	108.21320343559644	167.21781662017787
1036	275.4355196615184	108.23759005323595	167.19792960828246
1037	276.041436780514	108.29646455628166	167.74497222423236
1038	276.19328854931626	108.35533905932738	167.8379494899889
1039	276.95198773438256	108.41421356237308	168.53777417200948
1040	277.10397824398945	108.43860018001259	168.66537806397685
1041	277.36020405219097	108.49747468305831	168.86272936913264
1042	277.49990753976726	108.55634918610404	168.9435583536632
1043	277.57827674204646	108.58073580374355	168.9975409383029
1044	277.79711142718554	108.63961030678928	169.15750112039626
1045	277.9095431244567	108.698484809835	169.2110583146217
1046	277.93965884627687	108.78174593052023	169.15791291575664
1047	278.11648819687537	108.84062043356596	169.2758677633094
1048	278.1284253373824	108.89949493661165	169.22893040077076
1049	278.4421908348471	108.9238815542512	169.51830928059593
1050	278.6191233442425	108.98275605729692	169.63636728694559
1051	279.3236376498395	109.0416305603426	170.28200708949691
1052	279.46344095599983	109.06601717798212	170.3974237780177
1053	281.1031797185159	109.12489168102785	171.97828803748803
1054	281.2746659990914	109.18376618407356	172.09089981501782
1055	281.47528431321166	109.24264068711928	172.2326436260924
1056	281.505227353734	109.2670273047588	172.23820004897522
1057	281.6411817767062	109.32590180780451	172.3152799689017
1058	281.6467893468243	109.38477631085024	172.26201303597404
1059	281.7872753467966	109.40916292848976	172.37811241830684
1060	281.9269433756176	109.46803743153549	172.45890594408212
1061	281.9999002605966	109.52691193458121	172.47298832601535
1062	282.13585752791323	109.61017305526644	172.5256844726468
1063	283.60549531538	109.66904755831214	173.93644775706784
1064	283.74538199302276	109.72792206135786	174.01745993166492
1065	285.2313939753888	109.75230867899738	175.47908529639142
1066	285.4460837300737	109.8111831820431	175.63490054803063
1067	285.51365137094876	109.87005768508881	175.64359368585997
1068	285.70040877661665	109.8944443027283	175.80596447388837
1069	285.72837043989745	109.95331880577405	175.7750516341234
1070	285.85232137099524	110.01219330881977	175.84012806217547
1071	286.45048676849996	110.07106781186548	176.37941895663448
1072	286.54007737480174	110.09545442950501	176.44462294529671
1073	286.60253966346	110.15432893255071	176.4482107309093
1074	286.6212980539488	110.21320343559644	176.40809461835238
1075	287.0379031322168	110.23759005323595	176.80031307898085
1076	287.17754657661106	110.29646455628166	176.88108202032942
1077	287.38247082866525	110.35533905932738	177.02713176933787
1078	287.4889489377806	110.41421356237308	177.07473537540753
1079	287.6887723460487	110.43860018001259	177.25017216603612
1080	287.76998076240426	110.49747468305831	177.27250607934593
1081	288.0405225496693	110.55634918610404	177.48417336356522
1082	288.14699282354275	110.58073580374355	177.5662570197992
1083	288.61175002566847	110.63961030678928	177.9721397188792
1084	288.75157766518885	110.698484809835	178.05309285535384
1085	291.12968524319865	110.78174593052023	180.34793931267842
1086	291.3064925455305	110.84062043356596	180.46587211196453
1087	291.5385229303352	110.89949493661165	180.63902799372357
1088	291.7154050799603	110.9238815542512	180.79152352570912
1089	293.3525020270393	110.98275605729692	182.36974596974238
1090	293.4621545165143	111.0416305603426	182.42052395617173
1091	293.49217634221174	111.06601717798212	182.4261591642296
1092	293.6809588984762	111.12489168102785	182.55606721744834
1093	293.7294553250328	111.18376618407356	182.54568914095924
1094	293.9482966770986	111.24264068711928	182.70565598997933
1095	294.6748944307188	111.2670273047588	183.40786712595997
1096	294.81464895519525	111.32590180780451	183.48874714739074
1097	296.49939534753554	111.38477631085024	185.1146190366853
1098	296.6513195577874	111.40916292848976	185.24215662929765
1099	297.11461999056166	111.46803743153549	185.64658255902617
1100	297.2666747846804	111.52691193458121	185.73976285009917
1101	300.776403898329	111.61017305526644	189.16623084306258
1102	300.9161623236609	111.66904755831214	189.24711476534875
1103	301.35067250723387	111.72792206135786	189.62275044587602
1104	301.43189218437624	111.75230867899738	189.67958350537884
1105	301.72676226441104	111.8111831820431	189.91557908236794
1106	301.86336719754354	111.87005768508881	189.99330951245474
1107	301.8767195465588	111.8944443027283	189.9822752438305
1108	302.0165187826827	111.95331880577405	190.06319997690863
1109	302.222873610392	112.01219330881977	190.21068030157224
1110	302.3040830269564	112.07106781186548	190.23301521509092
1111	302.7400082233299	112.09545442950501	190.64455379382485
1112	302.8759572046842	112.15432893255071	190.7216282721335
1113	303.11211623968916	112.21320343559644	190.89891280409273
1114	303.24808030068493	112.23759005323595	191.01049024744898
1115	303.7267621782815	112.29646455628166	191.43029762199984
1116	303.86336711757264	112.35533905932738	191.50802805824526
1117	304.5344579738142	112.41421356237308	192.12024441144112
1118	304.7059424001313	112.43860018001259	192.26734222011868
1119	304.81670767517875	112.49747468305831	192.31923299212042
1120	304.9882203546288	112.55634918610404	192.43187116852476
1121	305.6118875440295	112.58073580374355	193.03115174028596
1122	305.72681368615525	112.63961030678928	193.08720337936597
1123	305.78866576892915	112.698484809835	193.09018095909414
1124	305.8634185794578	112.72287142747452	193.1405471519833
1125	305.9431635805625	112.78174593052023	193.16141765004227
1126	306.1199948226021	112.84062043356596	193.27937438903615
1127	306.45743750487384	112.89949493661165	193.5579425682622
1128	306.5639121354109	112.9238815542512	193.6400305811597
1129	306.952114185956	112.98275605729692	193.9693581286591
1130	307.0585884017783	113.0416305603426	194.01695784143573
1131	307.7267719104304	113.06601717798212	194.66075473244825
1132	307.8633773194262	113.12489168102785	194.73848563839834
1133	308.46976035753005	113.18376618407356	195.2859941734565
1134	308.62166861145533	113.24264068711928	195.37902792433607
1135	308.97229547107435	113.2670273047588	195.70526816631553
1136	309.1243107832118	113.32590180780451	195.79840897540728
1137	309.313829690448	113.38477631085024	195.92905337959778
1138	309.4536830570822	113.40916292848976	196.0445201285924
1139	309.73037676211044	113.46803743153549	196.26233933057495
1140	309.8669801595864	113.52691193458121	196.34006822500515
1141	310.2243970662935	113.61017305526644	196.61422401102703
1142	310.36431260619383	113.66904755831214	196.6952650478817
1143	310.91752821797076	113.72792206135786	197.1896061566129
1144	311.1322215771999	113.75230867899738	197.37991289820252
1145	311.1363054317178	113.8111831820431	197.3251222496747
1146	311.3510321077185	113.87005768508881	197.48097442262969
1147	311.72793866477474	113.8944443027283	197.83349436204645
1148	311.8645519181686	113.95331880577405	197.91123311239457
1149	313.79685261978364	114.01219330881977	199.78465931096386
1150	313.93344065993637	114.07106781186548	199.8623728480709
1151	315.76028978616836	114.09545442950501	201.66483535666333
1152	315.8969311989735	114.15432893255071	201.7426022664228
1153	318.22392595406	114.21320343559644	204.01072251846358
1154	318.28791635955923	114.23759005323595	204.05032630632329
1155	318.3604708110676	114.29646455628166	204.06400625478597
1156	318.36913524082576	114.35533905932738	204.01379618149838
1157	318.94596898309493	114.41421356237308	204.53175542072185
1158	318.9728008039788	114.43860018001259	204.53420062396623
1159	319.0271804880931	114.49747468305831	204.52970580503478
1160	319.1127107856224	114.55634918610404	204.55636159951837
1161	319.7228790731337	114.58073580374355	205.14214326939015
1162	319.8628806247784	114.63961030678928	205.22327031798915
1163	320.04215709296415	114.698484809835	205.34367228312914
1164	320.1787721532423	114.72287142747452	205.45590072576778
1165	321.4957685754982	114.78174593052023	206.71402264497794
1166	321.65979598333803	114.84062043356596	206.81917554977207
1167	321.67250980195683	114.89949493661165	206.7730148653452
1168	321.76307677306613	114.9238815542512	206.83919521881495
1169	321.8116826769719	114.98275605729692	206.82892661967497
1170	321.939857330766	115.0416305603426	206.89822677042343
1171	322.06863506555214	115.06601717798212	207.00261788757
1172	322.2206012994726	115.12489168102785	207.09570961844474
1173	323.4745573568464	115.18376618407356	208.29079117277283
1174	323.61107106536605	115.24264068711928	208.36843037824679
1175	325.04842180567454	115.2670273047588	209.78139450091572
1176	325.1849125535334	115.32590180780451	209.8590107457289
1177	326.17129244104353	115.38477631085024	210.7865161301933
1178	326.30723885386624	115.40916292848976	210.89807592537647
1179	326.45354340211566	115.46803743153549	210.98550597058016
1180	326.589515043831	115.52691193458121	211.06260310924978
1181	327.69222002767924	115.5512985522207	212.14092147545853
1182	327.79869014374236	115.61017305526644	212.18851708847592
1183	328.0643341752645	115.66904755831214	212.39528661695235
1184	328.1708146587854	115.72792206135786	212.44289259742754
1185	329.77179386554434	115.75230867899738	214.01948518654694
1186	329.78916085566954	115.8111831820431	213.97797767362644
1187	329.9117087116636	115.87005768508881	214.0416510265748
1188	329.9256971981191	115.8944443027283	214.03125289539082
1189	330.2206001659047	115.95331880577405	214.26728136013068
1190	330.38701182954173	116.01219330881977	214.37481852072196
1191	330.3920869705391	116.07106781186548	214.3210191586736
1192	330.4393613168555	116.09545442950501	214.3439068873505
1193	330.52702618537904	116.15432893255071	214.37269725282835
1194	330.6108799308908	116.21320343559644	214.39767649529438
1195	331.1115733695596	116.23759005323595	214.87398331632366
1196	331.2480047351442	116.29646455628166	214.95154017886256
1197	336.14200591665286	116.35533905932738	219.78666685732549
1198	336.2938634086676	116.41421356237308	219.87964984629454
1199	336.47328251033605	116.43860018001259	220.03468233032345
1200	336.62519823184886	116.49747468305831	220.12772354879053
1201	337.2130663039806	116.55634918610404	220.65671711787655
1202	337.3496730630057	116.58073580374355	220.76893725926215
1203	337.3628822261885	116.63961030678928	220.72327191939922
1204	337.44409859733724	116.698484809835	220.74561378750224
1205	337.8575623395902	116.72287142747452	221.13469091211567
1206	337.9387770774745	116.78174593052023	221.1570311469543
1207	338.3134035954118	116.84062043356596	221.47278316184583
1208	338.4499084580445	116.89949493661165	221.55041352143286
1209	338.95114788847644	116.9238815542512	222.02726633422526
1210	339.12785223168925	116.98275605729692	222.14509617439234
1211	339.1658473734885	117.0416305603426	222.1242168131459
1212	339.34258542224387	117.06601717798212	222.27656824426174
1213	341.7421690711808	117.12489168102785	224.61727739015294
1214	341.8820622606568	117.18376618407356	224.69829607658326
1215	342.1040190645612	117.24264068711928	224.86137837744195
1216	342.24309724877975	117.2670273047588	224.97606994402094
1217	342.24469676528656	117.32590180780451	224.91879495748205
1218	342.38467649564006	117.38477631085024	224.99990018478982
1219	344.10401897825164	117.40916292848976	226.69485604976188
1220	344.2430971676437	117.46803743153549	226.77505973610823
1221	345.75049495114683	117.52691193458121	228.2235830165656
1222	345.887179522974	117.5512985522207	228.3358809707533
1223	346.1040704865004	117.61017305526644	228.49389743123396
1224	346.2431486216988	117.66904755831214	228.57410106338668
1225	346.66108365428124	117.72792206135786	228.9331615929234
1226	346.79772108608114	117.75230867899738	229.04541240708375
1227	348.1040287028476	117.8111831820431	230.2928455208045
1228	348.2431072013385	117.87005768508881	230.3730495162497
1229	350.10763358709045	117.8944443027283	232.21318928436216
1230	350.24670995238836	117.95331880577405	232.2933911466143
1231	351.1235076670012	118.01219330881977	233.11131435818143
1232	351.2299753663919	118.07106781186548	233.15890755452642
1233	351.4057648546425	118.09545442950501	233.31031042513746
1234	351.51225198594886	118.15432893255071	233.35792305339817
1235	351.85744063609764	118.21320343559644	233.6442372005012
1236	351.99338733175733	118.23759005323595	233.75579727852138
1237	352.02589327190066	118.29646455628166	233.729428715619
1238	352.07619814524554	118.35533905932738	233.72085908591816
1239	352.10519547876424	118.37972567696691	233.72546980179732
1240	352.17771154982836	118.41421356237308	233.76349798745528
1241	352.2121745435092	118.43860018001259	233.7735743634966
1242	352.24427707582765	118.49747468305831	233.74680239276933
1243	352.2932029285673	118.55634918610404	233.73685374246327
1244	352.4450644982936	118.58073580374355	233.86432869455007
1245	354.1741096445176	118.63961030678928	235.53449933772833
1246	354.31316908123506	118.698484809835	235.61468427140005
1247	354.9322141114275	118.72287142747452	236.20934268395303
1248	355.07208535538194	118.78174593052023	236.2903394248617
1249	355.34104578482476	118.84062043356596	236.5004253512588
1250	355.40946825107477	118.89949493661165	236.50997331446314
1251	355.48098479235284	118.9238815542512	236.55710323810166
1252	355.5461971827399	118.98275605729692	236.56344112544298
1253	356.13754697871076	119.0416305603426	237.09591641836818
1254	356.1595654268212	119.06601717798212	237.09354824883906
1255	356.27661847273333	119.12489168102785	237.15172679170547
1256	356.29630092995	119.18376618407356	237.11253474587645
1257	358.25422568220125	119.24264068711928	239.011584995082
1258	358.4257164082019	119.2670273047588	239.15868910344307
1259	358.4309057520634	119.32590180780451	239.10500394425887
1260	358.5976655255233	119.38477631085024	239.21288921467308
1261	358.60118458843385	119.40916292848976	239.1920216599441
1262	358.6024277071535	119.46803743153549	239.134390275618
1263	358.6788786647354	119.52691193458121	239.1519667301542
1264	358.7401985731658	119.5512985522207	239.18890002094508
1265	358.9697855637709	119.61017305526644	239.35961250850448
1266	359.0510052555529	119.66904755831214	239.38195769724078
1267	360.41941621378334	119.72792206135786	240.6914941524255
1268	360.55837659001963	119.75230867899738	240.80606791102224
1269	363.8518226690242	119.8111831820431	244.04063948698112
1270	363.9908011174865	119.87005768508881	244.12074343239772
1271	365.4256893532285	119.8944443027283	245.53124505050022
1272	365.5644829218583	119.95331880577405	245.61116411608427
1273	366.20846183972606	120.01219330881977	246.19626853090628
1274	366.34519299191834	120.07106781186548	246.27412518005286
1275	366.82369598540663	120.09545442950501	246.7282415559016
1276	366.9604607119986	120.15432893255071	246.80613177944792
1277	369.41443044551056	120.21320343559644	249.20122700991413
1278	369.4812779647043	120.23759005323595	249.24368791146836
1279	369.55427873154366	120.29646455628166	249.257814175262
1280	369.63305606450257	120.35533905932738	249.2777170051752
1281	369.69598008141975	120.37972567696691	249.31625440445282
1282	369.7457030356538	120.41421356237308	249.3314894732807
1283	369.84779244700127	120.43860018001259	249.40919226698867
1284	369.88560138219594	120.49747468305831	249.38812669913762
1285	370.1664384353475	120.55634918610404	249.61008924924346
1286	370.30542594643725	120.58073580374355	249.7246901426937
1287	371.48886218907853	120.63961030678928	250.84925188228925
1288	371.6276040255242	120.698484809835	250.92911921568918
1289	376.8096591913058	120.72287142747452	256.0867877638313
1290	376.9161265208202	120.78174593052023	256.1343805903
1291	377.0284206363698	120.84062043356596	256.1878002028038
1292	377.1349115002363	120.89949493661165	256.23541656362465
1293	377.59035771488	120.9238815542512	256.6664761606288
1294	377.72939181589163	120.98275605729692	256.7466357585947
1295	378.1788365862666	121.0416305603426	257.137206025924
1296	378.3155497122074	121.06601717798212	257.2495325342253
1297	378.6813764254377	121.12489168102785	257.55648474440983
1298	378.6907191391852	121.18376618407356	257.5069529551116
1299	378.81812764355385	121.20815280171308	257.60997484184077
1300	378.8295387419288	121.24264068711928	257.5868980548095
1301	379.89107032647127	121.2670273047588	258.62404302171245
1302	380.0270206024266	121.32590180780451	258.70111879462206
1303	380.06773979824027	121.38477631085024	258.68296348739
1304	380.20371778015436	121.40916292848976	258.7945548516646
1305	382.0289549070672	121.46803743153549	260.5609174755317
1306	382.11016612049576	121.52691193458121	260.58325418591454
1307	382.31121892968736	121.5512985522207	260.75992037746664
1308	382.3924437116401	121.61017305526644	260.78227065637367
1309	385.2983219250104	121.66904755831214	263.62927436669827
1310	385.438139830936	121.72792206135786	263.71021776957815
1311	385.56562972198714	121.75230867899738	263.81332104298974
1312	385.7054852295421	121.8111831820431	263.89430204749897
1313	386.1277945529914	121.87005768508881	264.2577368679026
1314	386.2668839940764	121.8944443027283	264.3724396913481
1315	387.03841636329537	121.95331880577405	265.0850975575213
1316	387.1773634758969	122.01219330881977	265.1651701670771
1317	388.0461718495108	122.07106781186548	265.97510403764534
1318	388.191220370946	122.09545442950501	266.09576594144096
1319	388.7843601234272	122.15432893255071	266.6300311908765
1320	388.9361081679466	122.21320343559644	266.7229047323502
1321	388.9558545096709	122.23759005323595	266.718264456435
1322	389.10763173525453	122.29646455628166	266.8111671789729
1323	390.0461717630725	122.35533905932738	267.6908327037451
1324	390.1912202883098	122.37972567696691	267.8114946113429
1325	391.36888129346596	122.41421356237308	268.95466773109285
1326	391.5055797074929	122.43860018001259	269.0669795274803
1327	391.77772286879394	122.49747468305831	269.2802481857356
1328	391.91445394972857	122.55634918610404	269.3581047636245
1329	392.04622326657164	122.58073580374355	269.4654874628281
1330	392.19127174133286	122.63961030678928	269.5516614345436
1331	394.04618148521456	122.698484809835	271.34769667537955
1332	394.19123017354127	122.72287142747452	271.46835874606677
1333	395.78676744109896	122.78174593052023	273.00502151057873
1334	395.9258931699495	122.84062043356596	273.08527273638356
1335	396.0497861524782	122.89949493661165	273.15029121586656
1336	396.19483298188993	122.9238815542512	273.27095142763875
1337	396.53690007428804	122.98275605729692	273.55414401699113
1338	396.6759502752536	123.0416305603426	273.63431971491104
1339	398.0473478494763	123.06601717798212	274.98133067149416
1340	398.19239627979937	123.12489168102785	275.0675045987715
1341	400.1162602426376	123.18376618407356	276.9324940585641
1342	400.2612919914825	123.20815280171308	277.0531391897694
1343	402.0796925157932	123.24264068711928	278.83705182867396
1344	402.22470919208337	123.2670273047588	278.95768188732455
1345	402.7537080416976	123.32590180780451	279.4278062338931
1346	402.89349409823683	123.38477631085024	279.50871778738656
1347	402.9684105764295	123.40916292848976	279.55924764793974
1348	403.10822563572526	123.46803743153549	279.64018820418977
1349	404.54333130885226	123.52691193458121	281.01641937427104
1350	404.68832381770073	123.5512985522207	281.13702526548
1351	404.84329087658836	123.61017305526644	281.2331178213219
1352	404.9497604139896	123.66904755831214	281.2807128556775
1353	405.01995917561004	123.72792206135786	281.2920371142522
1354	405.1264505487795	123.75230867899738	281.3741418697821
1355	405.85109561790426	123.8111831820431	282.0399124358612
1356	405.9877834851171	123.87005768508881	282.1177258000283
1357	406.1823753603932	123.8944443027283	282.28793105766493
1358	406.3190891533686	123.95331880577405	282.36577034759455
1359	406.3615368184619	124.01219330881977	282.34934350964215
1360	406.5064088585751	124.03657992645927	282.4698289321159
1361	406.58575567711637	124.07106781186548	282.5146878652509
1362	406.7248903654097	124.09545442950501	282.62943593590467
1363	407.20102118572606	124.15432893255071	283.04669225317537
1364	407.3401232253505	124.21320343559644	283.1269197897541
1365	407.715107770714	124.23759005323595	283.477517717478
1366	407.7963183153588	124.29646455628166	283.49985375907715
1367	407.9338753243584	124.35533905932738	283.578536265031
1368	408.0151027576805	124.37972567696691	283.63537708071357
1369	409.7939707273568	124.41421356237308	285.37975716498374
1370	409.9389315575866	124.43860018001259	285.500331377574
1371	410.42120795133485	124.49747468305831	285.9237332682765
1372	410.5571615340617	124.55634918610404	286.00081234795766
1373	410.5729387667844	124.58073580374355	285.9922029630408
1374	410.70891683473366	124.63961030678928	286.0693065279444
1375	411.36779214261526	124.698484809835	286.66930733278025
1376	411.5124979597129	124.72287142747452	286.7896265322384
1377	416.1085960065863	124.78174593052023	291.3268500760661
1378	416.25355802770105	124.84062043356596	291.4129375941351
1379	417.43097917217125	124.89949493661165	292.5314842355596
1380	417.575647795372	124.9238815542512	292.6517662411208
1381	418.5561224884594	124.98275605729692	293.57336643116247
1382	418.6952532096298	125.0416305603426	293.65362264928723
1383	419.0586876510182	125.06601717798212	293.99267047303607
1384	419.1978068403364	125.12489168102785	294.07291515930854
1385	421.73498217914255	125.18376618407356	296.551215995069
1386	421.8716566766718	125.20815280171308	296.66350387495874
1387	422.00229609867563	125.24264068711928	296.75965541155637
1388	422.0567905336778	125.2670273047588	296.789763228919
1389	422.13899104102035	125.32590180780451	296.8130892332158
1390	422.196551066274	125.38477631085024	296.8117747554238
1391	422.2282866183063	125.40916292848976	296.81912368981654
1392	422.36807092441353	125.46803743153549	296.90003349287804
1393	423.5325279904585	125.52691193458121	298.0056160558773
1394	423.6775181828031	125.5512985522207	298.1262196305824
1395	424.63286782650977	125.61017305526644	299.0226947712433
1396	424.7776093181489	125.66904755831214	299.1085617598368
1397	431.74615992848493	125.72792206135786	306.0182378671271
1398	431.88528901469977	125.75230867899738	306.13298033570237
1399	432.0699730380471	125.8111831820431	306.258789856004
1400	432.15502071831	125.87005768508881	306.28496303322123
1401	432.2150006140604	125.8944443027283	306.3205563113321
1402	432.2941471327188	125.95331880577405	306.3408283269448
1403	432.9805928349466	126.01219330881977	306.96839952612686
1404	433.12544475584207	126.03657992645927	307.0888648293828
1405	435.3734305079197	126.07106781186548	309.3023626960542
1406	435.47990254827863	126.09545442950501	309.3844481187736
1407	435.5251530314495	126.15432893255071	309.3708240988988
1408	435.6316439978439	126.21320343559644	309.4184405622475
1409	435.7487397471724	126.23759005323595	309.51114969393643
1410	435.8299514716206	126.29646455628166	309.5334869153389
1411	435.92541067072335	126.35533905932738	309.570071611396
1412	436.00663814080116	126.37972567696691	309.62691246383423
1413	439.190361434417	126.41421356237308	312.7761478720439
1414	439.3270210879838	126.43860018001259	312.8884209079712
1415	439.40506948458494	126.49747468305831	312.9075948015266
1416	439.54174532201637	126.55634918610404	312.9853961359123
1417	441.7289474526143	126.58073580374355	315.14821164887076
1418	441.8740034426632	126.63961030678928	315.2343931358739
1419	442.47908892661263	126.698484809835	315.7806041167776
1420	442.62403576191116	126.72287142747452	315.90116433443666
1421	443.6936388679752	126.78174593052023	316.911892937455
1422	443.82959469639883	126.84062043356596	316.98897426283287
1423	443.83338228367654	126.86500705120548	316.9683752324711
1424	443.9693573997609	126.89949493661165	317.06986246314926
1425	444.03411368667184	126.9238815542512	317.11023213242066
1426	444.18795727723165	126.98275605729692	317.20520121993474
1427	446.0341136003135	127.0416305603426	318.9924830399709
1428	446.1879571931782	127.06601717798212	319.12194001519606
1429	446.22836776880547	127.12489168102785	319.1034760877776
1430	446.3674977776312	127.18376618407356	319.1837315935576
1431	446.55966160101786	127.20815280171308	319.3515087993048
1432	446.69879332175316	127.24264068711928	319.4561526346339
1433	448.03416509453683	127.2670273047588	320.767137789778
1434	448.188008652692	127.32590180780451	320.86210684488753
1435	450.0341233171396	127.38477631085024	322.6493470062893
1436	450.1879669905786	127.40916292848976	322.77880406208885
1437	452.03772760598474	127.46803743153549	324.56969017444925
1438	452.1915700059794	127.52691193458121	324.66465807139815
1439	452.52793135209254	127.5512985522207	324.9766327998718
1440	452.67300116321746	127.61017305526644	325.062828107951
1441	453.1432095211172	127.66904755831214	325.47416196280506
1442	453.2882163171592	127.72792206135786	325.56029425580135
1443	454.03528867032327	127.75230867899738	326.2829799913259
1444	454.18913133742836	127.8111831820431	326.3779481553853
1445	456.1041984647249	127.87005768508881	328.2341407796361
1446	456.25803028489685	127.8944443027283	328.36358598216856
1447	458.06761891360514	127.95331880577405	330.1143001078311
1448	458.221433242832	128.01219330881977	330.2092399340122
1449	458.4934377823813	128.0365799264593	330.456857855922
1450	458.63008424133795	128.07106781186548	330.5590164294725
1451	458.66493894760015	128.095454429505	330.5694845180951
1452	458.80159899756006	128.1543289325507	330.64727006500937
1453	460.53126270003975	128.21320343559645	332.31805926444326
1454	460.685066970574	128.23759005323595	332.447476917338
1455	462.11224735248607	128.29646455628165	333.8157827962044
1456	462.2513754533934	128.35533905932738	333.896036394066
1457	462.3494163461535	128.37972567696693	333.96969066918655
1458	462.3795718894828	128.41421356237313	333.9653583271097
1459	462.50311649699256	128.4386001800126	334.06451631697996
1460	462.51870361026687	128.49747468305833	334.02122892720854
1461	464.49829239918364	128.55634918610406	335.9419432130796
1462	464.6433675096192	128.58073580374355	336.0626317058757
1463	465.0008696299318	128.63961030678928	336.3612593231425
1464	465.1459093904174	128.698484809835	336.4474245805824
1465	465.7819004203217	128.7228714274745	337.0590289928472
1466	465.9356813450311	128.78174593052023	337.1539354145109
1467	466.27888021782763	128.84062043356596	337.4382597842617
1468	466.36009361727326	128.86500705120545	337.4950865660678
1469	466.43059937648377	128.89949493661166	337.53110443987214
1470	466.5118263382471	128.92388155425118	337.5879447839959
1471	467.3556349566197	128.9827560572969	338.3728788993228
1472	467.50921173506623	129.0416305603426	338.4675811747236
1473	468.645862730706	129.06601717798213	339.5798455527239
1474	468.7523367740542	129.12489168102786	339.6274450930263
1475	468.78559455392576	129.18376618407356	339.6018283698522
1476	468.89208349715966	129.20815280171308	339.6839306954466
1477	472.0965330208643	129.24264068711926	342.853892333745
1478	472.2503111832975	129.26702730475878	342.9832838785387
1479	473.4188326033545	129.3259018078045	344.09293079554993
1480	473.5723822295144	129.38477631085024	344.1876059186642
1481	477.68832461270216	129.40916292848976	348.2791616842124
1482	477.8334050176053	129.4680374315355	348.3653675860698
1483	478.09719510892967	129.5269119345812	348.57028317434845
1484	478.2422559901105	129.55129855222071	348.6909574378898
1485	479.52047680535264	129.61017305526644	349.9103037500862
1486	479.56761975768893	129.66904755831214	349.89857219937676
1487	479.6742694335042	129.6934341759517	349.9808352575525
1488	479.7067428718289	129.72792206135784	349.97882081047106
1489	479.7823357004672	129.7523086789974	350.0300270214698
1490	479.92146318912086	129.8111831820431	350.1102800070778
1491	480.1302833654088	129.8700576850888	350.26022568032
1492	480.26624326028883	129.89444430272837	350.3717989575605
1493	480.2669186056482	129.95331880577405	350.31359979987417
1494	480.4028899245362	130.01219330881977	350.3906966157165
1495	480.62075813216796	130.0365799264593	350.58417820570867
1496	480.7743565809421	130.07106781186548	350.7032887690766
1497	488.0579324758782	130.095454429505	357.96247804637323
1498	488.21174669879593	130.1543289325507	358.05741776624524
1499	488.96851985452224	130.21320343559645	358.75531641892576
1500	489.1221931272762	130.23759005323595	358.8846030740402
1501	492.17052781925753	130.29646455628165	361.8740632629759
1502	492.3156134083265	130.35533905932738	361.9602743489991
1503	492.5018294573608	130.37972567696693	362.1221037803939
1504	492.64690483086906	130.41421356237313	362.23269126849596
1505	497.71691196401537	130.4386001800126	367.27831178400277
1506	497.87074502222566	130.49747468305833	367.37327033916733
1507	498.46704027963347	130.55634918610406	367.9106910935294
1508	498.6207807371592	130.58073580374355	368.04004493341563
1509	498.87069131165117	130.63961030678928	368.2310810048619
1510	499.0098075902632	130.698484809835	368.3113227804282
1511	499.04219858478086	130.7228714274745	368.31932715730636
1512	499.181319634949	130.78174593052023	368.39957370442875
1513	499.55131379943236	130.84062043356596	368.7106933658664
1514	499.63252875068946	130.86500705120545	368.767521699484
1515	499.6910381980788	130.89949493661166	368.79154326146715
1516	499.7722639039068	130.92388155425118	368.8483823496556
1517	505.08250685262345	130.9827560572969	374.09975079532654
1518	505.1889842858489	131.0416305603426	374.14735372550626
1519	505.2191317566118	131.06601717798213	374.15311457862964
1520	505.32561838671273	131.12489168102786	374.2007267056849
1521	508.0544029342431	131.18376618407356	376.8706367501695
1522	508.1994902449745	131.20815280171308	376.99133744326144
1523	508.32173336770416	131.24264068711926	377.0790926805849
1524	508.46681599333436	131.26702730475878	377.1997886885756
1525	508.5158962897693	131.3259018078045	377.18999448196473
1526	508.6697409611037	131.38477631085024	377.2849646502534
1527	509.1311720567003	131.40916292848976	377.7220091282105
1528	509.28495921535034	131.4680374315355	377.81692178381485
1529	520.4862545940705	131.5269119345812	388.95934265948927
1530	520.5075351451928	131.55129855222071	388.9562365929721
1531	520.6401063414564	131.61017305526644	389.02993328619
1532	520.643500107646	131.66904755831214	388.9744525493338
1533	520.6466429862126	131.6934341759517	388.9532088102609
1534	520.7826126289068	131.72792206135784	389.05469056754896
1535	520.9888344516016	131.7523086789974	389.23652577260424
1536	521.1426511093177	131.8111831820431	389.3314679272746
1537	525.5097714797996	131.8700576850888	393.6397137947108
1538	525.6548567662569	131.89444430272837	393.7604124635285
1539	525.724491901903	131.95331880577405	393.7711730961289
1540	525.8695756122878	132.01219330881977	393.85738230346806
1541	533.6762830648518	132.0365799264593	401.63970313839246
1542	533.8301412168752	132.07106781186548	401.7590734050097
1543	534.0851577545782	132.095454429505	401.98970332507315
1544	534.2389947453063	132.1543289325507	402.0846658127556
1545	535.9879587951066	132.21320343559645	403.7747553595101
1546	536.0691763282518	132.23759005323595	403.83158627501587
1547	536.124575647186	132.29646455628165	403.8281110909044
1548	536.205800075894	132.35533905932738	403.8504610165666
1549	544.8128407694553	132.37972567696693	412.4331150924884
1550	544.9579211477303	132.41421356237313	412.5437075853572
1551	544.9843514962866	132.4386001800126	412.54575131627405
1552	545.1294321062827	132.49747468305833	412.6319574232244
1553	545.4597590481029	132.52186130069785	412.93789774740503
1554	545.5662402197129	132.55634918610406	413.0098910336088
1555	545.5988579084802	132.58073580374355	413.0181221047367
1556	545.7053433050272	132.63961030678928	413.06573299823793
1557	548.1584820929794	132.698484809835	415.4599972831444
1558	548.3123458593165	132.7228714274745	415.58947443184195
1559	548.4897879948968	132.78174593052023	415.70804206437657
1560	548.6436392790607	132.84062043356596	415.80301884549476
1561	564.042353145925	132.86500705120545	431.1773460947195
1562	564.1962197665777	132.89949493661166	431.296724829966
1563	564.3096873060144	132.92388155425118	431.38580575176326
1564	564.4635468842248	132.9827560572969	431.4807908269279
1565	566.4496841508327	133.0416305603426	433.4080535904901
1566	566.5856518329676	133.06601717798213	433.5196346549855
1567	566.5947575423664	133.12489168102786	433.4698658613386
1568	566.7307263763802	133.18376618407356	433.54696019230664
1569	576.3652123082495	133.20815280171308	443.1570595065364
1570	576.446432684898	133.24264068711926	443.20379199777875
1571	576.5043033289655	133.26702730475878	443.2372760242067
1572	576.5855271431676	133.3259018078045	443.2596253353631
1573	581.4977182798432	133.38477631085024	448.1129419689929
1574	581.6515847068902	133.40916292848976	448.2424217784004
1575	581.7124416547465	133.4680374315355	448.244404223211
1576	581.8663044018025	133.5269119345812	448.3393924672213
1577	591.4019087021536	133.55129855222071	457.8506101499329
1578	591.5083920647314	133.61017305526644	457.898219009465
1579	591.5469746009189	133.66904755831214	457.87792704260676
1580	591.6534594718828	133.6934341759517	457.96002529593113
1581	600.8007852568427	133.72792206135784	467.07286319548484
1582	600.9546489244099	133.7523086789974	467.2023402454125
1583	600.9722982641877	133.8111831820431	467.16111508214453
1584	601.126160352754	133.8700576850888	467.25610266766523
1585	622.3073629815821	133.89444430272837	488.41291867885366
1586	622.3885851018423	133.95331880577405	488.4352662960682
1587	622.4376273464981	134.01219330881977	488.4254340376783
1588	622.4524223785961	134.0365799264593	488.4158424521368
1589	622.5336459589386	134.07106781186548	488.4625781470731
1590	622.5735967841669	134.095454429505	488.4781423546618
1591	622.5914865739693	134.1543289325507	488.4371576414186
1592	622.7274556584103	134.21320343559645	488.51425222281387
1593	647.3898512625807	134.23759005323595	513.1522612093447
1594	647.496336020283	134.29646455628165	513.1998714640014
1595	647.5437057297534	134.35533905932738	513.1883666704259
1596	647.6501907665809	134.37972567696693	513.2704650896139
1597	678.2953052676846	134.41421356237313	543.8810917053115
1598	678.3765285157414	134.4386001800126	543.9379283357288
1599	678.4491556773268	134.49747468305833	543.9516809942684
1600	678.5303794095302	134.52186130069785	544.0085181088323
