   1.1303225049315456E-012
   1.9730881825997035E-012
   3.1235674044609151E-012
   3.7241905695134185E-012
   5.4526943934347539E-012
   6.9876584731092756E-012
   8.4025395703924420E-012
   1.0292236915024320E-011
   1.2792758905668357E-011
   1.4668528308303097E-011
   1.9311724672496377E-011
   2.1124773013863120E-011
   2.2809904070415539E-011
   2.7688221341438522E-011
   3.5355677481205510E-011
   3.6878263422589035E-011
   3.9670722903758428E-011
   5.0127046308100809E-011
   5.1952825937886493E-011
   6.3040720428911602E-011
   6.7424138729105319E-011
   6.9611744303139443E-011
   8.7508972711851038E-011
   9.5115206163825733E-011
   1.0963994967051333E-010
   1.1216572252681437E-010
   1.1338192560272276E-010
   1.3061639072853861E-010
   1.6518296539732891E-010
   1.6959507626917521E-010
   1.8288243554738717E-010
   1.8634362845426864E-010
   1.9793602669025548E-010
   2.3913317108456622E-010
   2.4616536515077514E-010
   2.9255188708158839E-010
   2.9495892894964593E-010
   3.0994231414524717E-010
   3.0999866128251463E-010
   3.7362696791005289E-010
   4.2638630596050889E-010
   4.2974245284627639E-010
   4.5953379623359421E-010
   5.0131129962877158E-010
   5.0544238415563641E-010
   5.1551319890536408E-010
   5.6744432505850523E-010
   7.0105794963291226E-010
   7.0926583452596702E-010
   7.4156918093056787E-010
   8.0854260318926608E-010
   8.1118844174669841E-010
   8.3397496093920644E-010
   8.9995583800471157E-010
   1.0117816391585965E-009
   1.0450065706606602E-009
   1.0762590469577020E-009
   1.2603690556199511E-009
   1.2700400142686729E-009
   1.2835016159141365E-009
   1.3597682629311468E-009
   1.5220799996489025E-009
   1.6063337217909300E-009
   1.6987709167396962E-009
   1.7596862864578207E-009
   1.8243178836807672E-009
   1.9602391040921448E-009
   2.0559654647855723E-009
   2.0967338081619698E-009
   2.1751850682106123E-009
   2.2885478118119680E-009
   2.3589851783028429E-009
   2.7866348046477618E-009
   2.9745197495611700E-009
   2.9907585570343750E-009
   3.1875025192818249E-009
   3.4096911900734257E-009
   3.4167306500576891E-009
   3.4186543708075390E-009
   3.4436114929697361E-009
   3.5891968911286805E-009
   3.9338243420954134E-009
   3.9802327744652642E-009
   4.4395179550177204E-009
   4.8518872601604892E-009
   4.9687099688160642E-009
   4.9753878014439292E-009
   5.2735419979513352E-009
   5.4687308003301256E-009
   5.8357024402640573E-009
   6.4614486622278824E-009
   6.5196646981021925E-009
   6.7647943539162596E-009
   6.7750257548173148E-009
   6.7982494679458910E-009
   6.8674646292705002E-009
   7.3317960043793541E-009
   8.0022150630565292E-009
   8.1122035424191987E-009
   8.5901564788967810E-009
   8.6415598527899032E-009
   9.3808417829787644E-009
   9.4235620393407247E-009
   1.0405351079808004E-008
   1.1253825573591692E-008
   1.1829666511065156E-008
   1.1943433332690082E-008
   1.2712375066463016E-008
   1.2749635931862463E-008
   1.2799465968218595E-008
   1.2963136813064225E-008
   1.2976877178735847E-008
   1.3258449644936277E-008
   1.3327671854946958E-008
   1.3409443477736217E-008
   1.4687175194907210E-008
   1.7068901937427152E-008
   1.7539557729303680E-008
   1.8096943833327545E-008
   1.8348986703297342E-008
   1.8788718327858591E-008
   2.0118729557285951E-008
   2.0383780022996794E-008
   2.1092890845453360E-008
   2.2511031445552948E-008
   2.3266752303435388E-008
   2.3273907618441946E-008
   2.3653245379794855E-008
   2.4160478220995342E-008
   2.4323487910817544E-008
   2.4433397659612513E-008
   2.5351780928580466E-008
   2.5926379438768571E-008
   2.9247499944442137E-008
   2.9352388203554225E-008
   3.0027524287926751E-008
   3.0757524160933299E-008
   3.1461280411359906E-008
   3.5236912341033581E-008
   3.6074817005842127E-008
   3.6684669358723242E-008
   3.7436914456226952E-008
   3.9837838925350081E-008
   4.1018430173386951E-008
   4.1292598401369449E-008
   4.1498548935582210E-008
   4.3918696609763243E-008
   4.4096993052593026E-008
   4.4531616605644950E-008
   4.5333711360807883E-008
   4.6106055902502948E-008
   4.7174319693659436E-008
   4.7210425580492580E-008
   4.7740196775371993E-008
   5.0546435817534983E-008
   5.1167825743673923E-008
   5.8655182066337241E-008
   6.2215050450486295E-008
   6.2349179984586584E-008
   6.3727536335965915E-008
   6.3738055631168042E-008
   6.9552174528909272E-008
   6.9748561750406241E-008
   7.1162245496524018E-008
   7.1253004156966293E-008
   7.1607829515370795E-008
   7.1796940673997574E-008
   7.2174106171778714E-008
   7.7944574397662756E-008
   7.9402114223891258E-008
   8.0833021369458675E-008
   8.2407206686626266E-008
   8.2997284997896367E-008
   8.3427431090164591E-008
   8.6583349781550111E-008
   9.0697324310809494E-008
   9.4796265920718056E-008
   1.0010174750612402E-007
   1.0286973791024291E-007
   1.0346658407042128E-007
   1.0372330219573129E-007
   1.0463877064847160E-007
   1.0798351368821329E-007
   1.1537772965743837E-007
   1.2040938314619896E-007
   1.2142054778886527E-007
   1.2266694562874616E-007
   1.2691093122649725E-007
   1.2708107381602852E-007
   1.3047820696893226E-007
   1.3345665331596967E-007
   1.3516809336383676E-007
   1.3809583194671164E-007
   1.3885015989196267E-007
   1.4625194155535480E-007
   1.4798833739807064E-007
   1.5087170716471837E-007
   1.5124550070372251E-007
   1.5450172419217681E-007
   1.5773910921282611E-007
   1.6116711438320717E-007
   1.6210874808894616E-007
   1.6737432680473119E-007
   1.6911738066747734E-007
   1.7535800458995423E-007
   1.7653586539685352E-007
   1.8732821597704582E-007
   1.9463502667087369E-007
   1.9842939289436857E-007
   2.0142040417874483E-007
   2.0406716938196030E-007
   2.0963063976904394E-007
   2.1139657281587826E-007
   2.1521777041719671E-007
   2.1746140903299092E-007
   2.2618242142668054E-007
   2.2919538351444223E-007
   2.3444509009894511E-007
   2.3470735969595336E-007
   2.3668235360372621E-007
   2.3833156728807573E-007
   2.3839632572540439E-007
   2.3929545435885308E-007
   2.4752368240205197E-007
   2.5316755495815240E-007
   2.5362376074751960E-007
   2.5738071034626657E-007
   2.6775910711976464E-007
   2.6901184900899552E-007
   2.7053259760167093E-007
   2.7835145580969747E-007
   2.8430709521567802E-007
   2.9778723858617529E-007
   3.0155360788210430E-007
   3.1907249585771828E-007
   3.2355374516094011E-007
   3.2702779914061440E-007
   3.3272470542377249E-007
   3.3278243593799649E-007
   3.4210207970367585E-007
   3.4991303191875686E-007
   3.5101959927969288E-007
   3.8020440216984743E-007
   3.8374828649984723E-007
   3.9045617621119826E-007
   4.1611104937894060E-007
   4.2080334367143975E-007
   4.2494637883297124E-007
   4.3005263789122334E-007
   4.3595277762480310E-007
   4.3611380876296117E-007
   4.3744366604393024E-007
   4.6360655839006530E-007
   4.6433620663513213E-007
   4.6786430641346025E-007
   4.7742796757790124E-007
   4.8680090677852889E-007
   4.8790246916266270E-007
   4.9096919355856655E-007
   5.1386562497285883E-007
   5.1986138201011356E-007
   5.3225090467409726E-007
   5.3382559149730771E-007
   5.3792417707174750E-007
   5.4672953619668739E-007
   5.6554246719169215E-007
   5.8424903993584283E-007
   6.1730294638599386E-007
   6.2511355229774011E-007
   6.3662575702483280E-007
   6.4376570232337831E-007
   6.5588213858496576E-007
   6.5886983221361789E-007
   6.8208387005492663E-007
   6.8409564011518378E-007
   6.9969393998339983E-007
   6.9981594899449915E-007
   7.0700825956923914E-007
   7.1339964870748037E-007
   7.2772571503022705E-007
   7.3277934301221212E-007
   7.4274442653752002E-007
   7.5713447717216711E-007
   7.6485847724245568E-007
   7.8734346462886572E-007
   7.9518110384433386E-007
   8.0934007535956467E-007
   8.2793483226805393E-007
   8.3034076624052568E-007
   8.3604747280448888E-007
   8.8251420596865077E-007
   8.9526948690974153E-007
   9.4120125765169126E-007
   9.8129872599668859E-007
   9.9525327567111822E-007
   9.9853395005248191E-007
   1.0183933734277369E-006
   1.0323806020248687E-006
   1.0563249119745499E-006
   1.0569028424206971E-006
   1.0761248674348755E-006
   1.0964533960651027E-006
   1.1582814468956135E-006
   1.1728239758230586E-006
   1.1865324777859243E-006
   1.2342580314889535E-006
   1.2792000648388938E-006
   1.2903948164684325E-006
   1.2973471136629189E-006
   1.3060972115460932E-006
   1.3125818736494036E-006
   1.3228531635169346E-006
   1.3421149957464693E-006
   1.4038730342070032E-006
   1.4112452650900097E-006
   1.4399408704275229E-006
   1.4471530046773931E-006
   1.4808854523523973E-006
   1.4854313694166256E-006
   1.5277233752530536E-006
   1.5463745242944090E-006
   1.5554372754340495E-006
   1.5717786813651982E-006
   1.5996688756059290E-006
   1.6185203868561854E-006
   1.6606093899396654E-006
   1.6817146247303913E-006
   1.7125618826188771E-006
   1.7725276128253537E-006
   1.8403914592216340E-006
   1.8412679140531809E-006
   1.8440767679851190E-006
   1.8823548575689887E-006
   1.8980645998934839E-006
   1.9229651937995765E-006
   1.9580799544346446E-006
   2.0434602128146620E-006
   2.0941382935770635E-006
   2.1205900099015193E-006
   2.1568679096461536E-006
   2.1814338118708544E-006
   2.2133401730593850E-006
   2.2182189587630295E-006
   2.2508373950218208E-006
   2.2585831618276745E-006
   2.3288370802581535E-006
   2.3298053597221529E-006
   2.3477296611897836E-006
   2.4416102328132278E-006
   2.4473202060747376E-006
   2.4690038452056997E-006
   2.5955546333845799E-006
   2.6017995271616544E-006
   2.6995797439271621E-006
   2.7772959453644017E-006
   2.8665562864511245E-006
   2.9224655261883925E-006
   2.9344684234640910E-006
   2.9486496537665589E-006
   2.9814361951093944E-006
   3.1012342211219308E-006
   3.1180308188527134E-006
   3.1530573890488406E-006
   3.1847355975987486E-006
   3.3000212879944476E-006
   3.3710065496288719E-006
   3.4502845078393779E-006
   3.4809090387361182E-006
   3.6383526379313269E-006
   3.7181761505024802E-006
   3.7465331346825190E-006
   3.7561310827619847E-006
   3.7811187432976080E-006
   3.8278948158593011E-006
   3.8406243188939268E-006
   3.8724506087623247E-006
   3.9516796725756679E-006
   4.0503039144929863E-006
   4.0713307461091197E-006
   4.1497551611788289E-006
   4.2280745860166740E-006
   4.2793645731809908E-006
   4.2917937807812609E-006
   4.2948132071017779E-006
   4.3715493978592657E-006
   4.4563916151950141E-006
   4.4867052483982124E-006
   4.5630484160811013E-006
   4.6016882257220908E-006
   4.6270111722281477E-006
   4.7325132446928189E-006
   4.7367297712973624E-006
   4.9036534865073230E-006
   5.0957702490244779E-006
   5.2481118815391932E-006
   5.3410639171022317E-006
   5.4196275066281878E-006
   5.4432950793021160E-006
   5.5917603897873567E-006
   5.7967964871215770E-006
   5.8161454788473244E-006
   5.8850083193240263E-006
   6.0106743825705829E-006
   6.1233820218739063E-006
   6.1590513947800704E-006
   6.2033842232899036E-006
   6.2865726768531202E-006
   6.3710810205281878E-006
   6.5314322280205205E-006
   6.5761062363915340E-006
   6.6381688294043173E-006
   6.8838872587493400E-006
   6.9034798692917925E-006
   6.9827260279804438E-006
   6.9969187046208014E-006
   7.2035509618675678E-006
   7.3097002034167585E-006
   7.4976602075249143E-006
   7.6664870504049025E-006
   7.7865138727579202E-006
   7.8306965514409409E-006
   8.0034641019439850E-006
   8.1550086758088208E-006
   8.2117931758114349E-006
   8.3649068612656706E-006
   8.6335308075380337E-006
   8.6747838060150266E-006
   8.6871051486036760E-006
   8.8272280262965011E-006
   9.3576476873652464E-006
   9.3770317474751256E-006
   9.5614903062960271E-006
   9.6184675679453312E-006
   9.9345628675557483E-006
   1.0032895606230972E-005
   1.0119744039387680E-005
   1.0269111616828247E-005
   1.0274851552131215E-005
   1.0284005411127865E-005
   1.0321155650069963E-005
   1.0421829839049609E-005
   1.0453740275271822E-005
   1.0574674345396898E-005
   1.0618902979927427E-005
   1.0979541423744767E-005
   1.1176735101828771E-005
   1.1229889722351248E-005
   1.1255893402030088E-005
   1.1451947227791427E-005
   1.1790022502362604E-005
   1.1869374632949572E-005
   1.1957793133302988E-005
   1.2080948304558697E-005
   1.2368320950417856E-005
   1.2613079150062809E-005
   1.2693135648908313E-005
   1.2777055125102298E-005
   1.3342162593673694E-005
   1.3383752009124961E-005
   1.3715615936743205E-005
   1.3931153541780028E-005
   1.4152704290042150E-005
   1.4270579407596872E-005
   1.4845593217408211E-005
   1.5305003287923139E-005
   1.5639768500492119E-005
   1.5688724563585972E-005
   1.5784194894982446E-005
   1.5826324955883176E-005
   1.6274782542733477E-005
   1.6679928437642103E-005
   1.6889760918112912E-005
   1.7066932302304377E-005
   1.7078020410328658E-005
   1.7343240113027507E-005
   1.7505245272207925E-005
   1.7712246416845092E-005
   1.7767153035419275E-005
   1.8005754758688407E-005
   1.8593474261633356E-005
   1.8672017545245649E-005
   1.8860741623296116E-005
   1.8944707171118718E-005
   1.9102192006237567E-005
   1.9117097129668790E-005
   1.9279301992374703E-005
   1.9528176593860557E-005
   2.0816717443330675E-005
   2.1209900789747951E-005
   2.1321347140987293E-005
   2.1536513484465588E-005
   2.2019253708588979E-005
   2.2121942661632039E-005
   2.2408460199284072E-005
   2.2527104201181344E-005
   2.2693398739778125E-005
   2.2819084650051975E-005
   2.3195911320490084E-005
   2.3665184946992943E-005
   2.3918847647103316E-005
   2.4819333274629899E-005
   2.4834616175478570E-005
   2.5110648375715515E-005
   2.5263386074597973E-005
   2.5400878796695327E-005
   2.5744582568008204E-005
   2.6229179990256324E-005
   2.6555542786623962E-005
   2.6680379481119233E-005
   2.6757397433448329E-005
   2.7046159313397271E-005
   2.7388554564653865E-005
   2.7660583144372908E-005
   2.7821295302422394E-005
   2.8283025224608823E-005
   2.9557209654967769E-005
   2.9869132263430346E-005
   3.0246196284365336E-005
   3.0316038899865814E-005
   3.0554897926872816E-005
   3.1054120971840961E-005
   3.1212733576646848E-005
   3.1478854965386701E-005
   3.2655371010394869E-005
   3.2737379657073752E-005
   3.2752422012509005E-005
   3.3373628030102838E-005
   3.3622061900909933E-005
   3.4272415310732297E-005
   3.4360839512793968E-005
   3.4619189920111804E-005
   3.5296684851346317E-005
   3.5842554662321410E-005
   3.7081999646835171E-005
   3.7650120589640704E-005
   3.8455399989212803E-005
   3.9065525077653171E-005
   3.9497705423092971E-005
   3.9836364168536983E-005
   4.0213065484113293E-005
   4.0507134601133249E-005
   4.0955200187602562E-005
   4.1563898310087301E-005
   4.2182882003333139E-005
   4.2398001038718654E-005
   4.2680447373089913E-005
   4.3653345450100326E-005
   4.3657088621708712E-005
   4.4040338815897246E-005
   4.4106777371633896E-005
   4.4382380891844415E-005
   4.4773550184545919E-005
   4.6015794064066527E-005
   4.6049224892709767E-005
   4.6577210675150907E-005
   4.6917745607791544E-005
   4.6927251198029859E-005
   4.7403161691724497E-005
   4.8192043351906356E-005
   4.8495765035167136E-005
   4.8618078868358202E-005
   4.9270075919175508E-005
   4.9375759908682482E-005
   5.1699077173295167E-005
   5.1930671689205462E-005
   5.3211120917655367E-005
   5.3341142276881882E-005
   5.3918914412908892E-005
   5.4240444809335784E-005
   5.4285058435392314E-005
   5.4928509463486650E-005
   5.5148338116849007E-005
   5.7221975278149892E-005
   5.8305918533580276E-005
   5.9418050284415831E-005
   5.9830989638112942E-005
   6.0862536353243456E-005
   6.1427050857720114E-005
   6.2935766010357500E-005
   6.2996598342594050E-005
   6.3024481691101298E-005
   6.3340847081541643E-005
   6.5620807054076982E-005
   6.5727610804457119E-005
   6.6240765679440806E-005
   6.6393076642230268E-005
   6.8110443319029893E-005
   7.0174905610541740E-005
   7.0715236396903276E-005
   7.1368016656012288E-005
   7.1957632646189195E-005
   7.2415045437538772E-005
   7.4509292134160952E-005
   7.5027215636521861E-005
   7.5195763273940960E-005
   7.6176031727799719E-005
   7.6883319470173245E-005
   7.7091536221964141E-005
   7.7869975154624689E-005
   7.7988761534636593E-005
   7.8362486781139641E-005
   8.0066572858133802E-005
   8.0176897385003722E-005
   8.0532361401252113E-005
   8.2719141963333157E-005
   8.5625296962876620E-005
   8.5891774674893835E-005
   8.6688482173739813E-005
   8.6786049611405715E-005
   8.7919893820801454E-005
   8.8788860427680146E-005
   9.2262761017253316E-005
   9.5127150725137340E-005
   9.6435164433205219E-005
   9.7005987531621470E-005
   9.8865398062207270E-005
   1.0068760016482843E-004
   1.0155452800168566E-004
   1.0181260842144184E-004
   1.0318019215247912E-004
   1.0484672558603594E-004
   1.0671366806425625E-004
   1.0875194696856479E-004
   1.0945762655350696E-004
   1.0988454623685770E-004
   1.1063536314764397E-004
   1.1074237203806521E-004
   1.1134665818793382E-004
   1.1246108683428585E-004
   1.1291567642182975E-004
   1.1293794067770513E-004
   1.1441784027872007E-004
   1.1549030557857700E-004
   1.1700520248744709E-004
   1.1757365421897365E-004
   1.1820418404882746E-004
   1.2001905106305373E-004
   1.2109361105906004E-004
   1.2376331283057653E-004
   1.2406849786072112E-004
   1.2839947266393898E-004
   1.3032053780233485E-004
   1.3062298378015608E-004
   1.3234763146972709E-004
   1.3348322034302889E-004
   1.4064494112299368E-004
   1.4109418723525928E-004
   1.4229370676192943E-004
   1.4278238594492648E-004
   1.4512619339828792E-004
   1.4518901822213414E-004
   1.4586672757976632E-004
   1.4605069710993065E-004
   1.5036610136107749E-004
   1.5076825324868140E-004
   1.5348715493756435E-004
   1.5474389547652620E-004
   1.5752447659778102E-004
   1.6324872831253222E-004
   1.6400443583572432E-004
   1.6434281914741672E-004
   1.6496921396031203E-004
   1.7094908496814850E-004
   1.7611144890038286E-004
   1.7759926017771240E-004
   1.7840943916010957E-004
   1.7998563932478269E-004
   1.8303119072771040E-004
   1.8603393145910269E-004
   1.8690154937000319E-004
   1.8715493986205979E-004
   1.8852316351915843E-004
   1.8892600449005125E-004
   1.8975664307411299E-004
   1.9548561204969881E-004
   1.9634977698938371E-004
   2.0052377938828306E-004
   2.0130647324935052E-004
   2.0349496908603291E-004
   2.0418282329847420E-004
   2.0915858994890310E-004
   2.0985706933753244E-004
   2.1191203139833898E-004
   2.1640907093641625E-004
   2.1906550294158395E-004
   2.2017183523483219E-004
   2.2045320334872315E-004
   2.2889358093672622E-004
   2.3279694367049123E-004
   2.3411266216562173E-004
   2.4084910888725824E-004
   2.4288924682712424E-004
   2.4675956218152257E-004
   2.4993021137504490E-004
   2.5025568079778171E-004
   2.5046233542720214E-004
   2.5261552986251490E-004
   2.5458818215010954E-004
   2.5624537799922328E-004
   2.5831625352191995E-004
   2.6390028895902437E-004
   2.6548962433899196E-004
   2.6627893019785294E-004
   2.6686178477682048E-004
   2.6912994941076447E-004
   2.7230872342448912E-004
   2.7346272661085718E-004
   2.8360946015306316E-004
   2.8698093467505431E-004
   2.8750118246259994E-004
   2.9097547794390300E-004
   2.9862025908771009E-004
   3.0140274393908063E-004
   3.0202682429149492E-004
   3.0629940788535955E-004
   3.0948368059543785E-004
   3.1666842167254826E-004
   3.2117860880920030E-004
   3.4050124989287364E-004
   3.4493789404983397E-004
   3.4585958350495351E-004
   3.4588708882352760E-004
   3.4812473259032668E-004
   3.4875013606363306E-004
   3.5410712133270933E-004
   3.5726805611215398E-004
   3.5809680904513619E-004
   3.5898282525073037E-004
   3.8055254376885469E-004
   3.8460205827859576E-004
   3.8586826803500417E-004
   3.8797007232994695E-004
   3.9104456368391048E-004
   4.0032738890385759E-004
   4.1150253135025379E-004
   4.1841348107176318E-004
   4.1915355070553675E-004
   4.2329163747750569E-004
   4.2620632003806619E-004
   4.2628654943084561E-004
   4.2954895800789109E-004
   4.3372376551392981E-004
   4.4152185626063358E-004
   4.4153405092475095E-004
   4.4277872397916493E-004
   4.4374278690683202E-004
   4.5032952262816662E-004
   4.5741264577688810E-004
   4.5854824641343439E-004
   4.6059088429380933E-004
   4.6059764088975379E-004
   4.6278010934570224E-004
   4.6581576337808097E-004
   4.7117690988552008E-004
   4.8315054845988938E-004
   4.8334719471317491E-004
   4.9537095971622020E-004
   4.9854477079926823E-004
   5.0460280676064954E-004
   5.3852903247176274E-004
   5.4910095902191858E-004
   5.5074842236787645E-004
   5.5678826834756521E-004
   5.6174941188488043E-004
   5.6521813509022290E-004
   5.7425532413828953E-004
   5.7536760112942122E-004
   5.7736491351107985E-004
   5.9273493270145723E-004
   6.1217748688093714E-004
   6.1453379233774024E-004
   6.1673409216389953E-004
   6.1955873603839373E-004
   6.2162595277615289E-004
   6.2882505011523429E-004
   6.5899660511041307E-004
   6.6298597489827360E-004
   6.6741486573736446E-004
   6.7110051182141381E-004
   6.7334729254897216E-004
   6.7753824880562258E-004
   6.9176494111802150E-004
   6.9177017031500892E-004
   6.9409184865761649E-004
   6.9504598405082307E-004
   7.3588637266721463E-004
   7.5254570542022828E-004
   7.5994732488360371E-004
   7.6094585571340970E-004
   7.8121140345656479E-004
   7.8358958244691102E-004
   7.8470489577085896E-004
   7.8735695407873281E-004
   8.0105778006517075E-004
   8.0428830191198262E-004
   8.0719975434769529E-004
   8.1709451977302386E-004
   8.1761460778175009E-004
   8.2987441609696957E-004
   8.4675564360643435E-004
   8.6148175086974419E-004
   8.6164738793915335E-004
   8.8129410625229399E-004
   8.8893042428313436E-004
   8.9850184450045232E-004
   9.0085444750031640E-004
   9.0202704833386438E-004
   9.3605075757771303E-004
   9.3660748825731565E-004
   9.3811766064830053E-004
   9.5777095695472297E-004
   9.6777105016579044E-004
   9.7055802631796403E-004
   9.8606628990280300E-004
   9.8815829957070770E-004
   1.0049815612649538E-003
   1.0060328288546095E-003
   1.0211429543659693E-003
   1.0234052177652540E-003
   1.0505437973001514E-003
   1.0616115925127809E-003
   1.0726214078615403E-003
   1.1118466644839734E-003
   1.1269331465201635E-003
   1.1406008932360651E-003
   1.1453578421930168E-003
   1.2031238477454393E-003
   1.2132206520699840E-003
   1.2277077423820647E-003
   1.2406968078161075E-003
   1.2519254573774689E-003
   1.2627844983156078E-003
   1.2679307987657892E-003
   1.2785409347539055E-003
   1.3017201796679040E-003
   1.3216972758184227E-003
   1.3588669990728555E-003
   1.3614759687729690E-003
   1.3715327593150524E-003
   1.3854918502872091E-003
   1.3922307827206953E-003
   1.3988220243132622E-003
   1.4200789598220079E-003
   1.4219919781150495E-003
   1.4674627712965495E-003
   1.4727509687275046E-003
   1.4758680900635796E-003
   1.4982855337588351E-003
   1.5006819920123360E-003
   1.5015200242339858E-003
   1.5027770240587548E-003
   1.5460241541702356E-003
   1.5467061085383622E-003
   1.5550446821328506E-003
   1.5572021265533437E-003
   1.5918559424405348E-003
   1.6059240440253761E-003
   1.6077481584156877E-003
   1.6375649934153827E-003
   1.6425412702443501E-003
   1.7136211777515973E-003
   1.7427112637382882E-003
   1.7464631546417115E-003
   1.7914349308968268E-003
   1.8001028938553437E-003
   1.8122703777498637E-003
   1.8230248887614907E-003
   1.8603366651973637E-003
   1.8974891287862387E-003
   1.9569837641364453E-003
   1.9847098451914358E-003
   1.9904814102125832E-003
   2.0412226532670399E-003
   2.0448265367695234E-003
   2.0820210329353522E-003
   2.1126086007684261E-003
   2.1134834255714615E-003
   2.1290374106552909E-003
   2.1332285037959529E-003
   2.1531596923036601E-003
   2.1981042833087868E-003
   2.2050608446676744E-003
   2.2463536636181127E-003
   2.2649340932227617E-003
   2.2954781367923874E-003
   2.2983451613520786E-003
   2.3041387590783647E-003
   2.3572367392046853E-003
   2.4168143099912343E-003
   2.4719845815879167E-003
   2.4931597331942406E-003
   2.5202808499512116E-003
   2.5389660683907338E-003
   2.5464826624699254E-003
   2.5718721757759574E-003
   2.6060506044264997E-003
   2.6276191124114537E-003
   2.6481912852138407E-003
   2.6675404335111566E-003
   2.6955730088925162E-003
   2.7889743930975177E-003
   2.8115882487700270E-003
   2.8294801209941818E-003
   2.9056713988410742E-003
   2.9062635319746046E-003
   2.9192340714717657E-003
   2.9695800315517667E-003
   2.9857965311216659E-003
   2.9861292761633211E-003
   3.0327610020693891E-003
   3.0355196063100586E-003
   3.0937926624799114E-003
   3.1175365524798342E-003
   3.1427605278153193E-003
   3.1531019927396615E-003
   3.1872080425879344E-003
   3.2280313345093396E-003
   3.2652898521582209E-003
   3.3016268844279868E-003
   3.3597095321327183E-003
   3.4017474006755063E-003
   3.6100645764196924E-003
   3.6382695580389874E-003
   3.6928994070681061E-003
   3.6950605473093797E-003
   3.7316118169103771E-003
   3.7339159620635352E-003
   3.7370053639283795E-003
   3.8222571766939944E-003
   3.8484801090311470E-003
   4.0205815256665021E-003
   4.0398376295219312E-003
   4.0615168192559489E-003
   4.0738928984374945E-003
   4.0903353045081327E-003
   4.2362961464729046E-003
   4.2532356284803122E-003
   4.3177874606735323E-003
   4.3705615185687307E-003
   4.3712737119169552E-003
   4.4189035497041382E-003
   4.4247277152999372E-003
   4.4321455056461805E-003
   4.4978972716163699E-003
   4.5353005950599587E-003
   4.6304955186867265E-003
   4.6658156648843423E-003
   4.7342093371281757E-003
   4.8117518899640031E-003
   4.8201191501926043E-003
   4.8483036756749500E-003
   4.9448155422419050E-003
   4.9490582368897414E-003
   4.9898577627056394E-003
   5.0399159109247339E-003
   5.1290421585843318E-003
   5.1809018618074187E-003
   5.2305242527967361E-003
   5.2990333862703749E-003
   5.3289662252314213E-003
   5.5208085150989898E-003
   5.5464355437714087E-003
   5.7255378542564721E-003
   5.8690007178768657E-003
   5.9074334392874191E-003
   5.9319754485906073E-003
   5.9886129605616891E-003
   6.0930624577358429E-003
   6.1048906053523967E-003
   6.2058477062825910E-003
   6.2352745578998668E-003
   6.3313484669227449E-003
   6.3546623242620205E-003
   6.3797371556447869E-003
   6.4078134137967114E-003
   6.5088379473036209E-003
   6.5554239201177653E-003
   6.6393144967745185E-003
   6.6929457271051552E-003
   6.9070503193502794E-003
   6.9071394060808613E-003
   7.0024984424305464E-003
   7.0647680130674646E-003
   7.1272158192918307E-003
   7.3014823071480663E-003
   7.3303683380297694E-003
   7.4108652287100734E-003
   7.6731705051876356E-003
   7.7071302650195969E-003
   7.7738667902695398E-003
   7.8259844875493700E-003
   7.9100905455041642E-003
   7.9164038287352929E-003
   7.9766426549790406E-003
   8.2098600836894783E-003
   8.2398946611123795E-003
   8.5458441486771265E-003
   8.6531944728441799E-003
   8.7687400841894008E-003
   8.8400402616800808E-003
   8.8724861385107347E-003
   8.9653517885714476E-003
   8.9844948467290384E-003
   9.1893534024561681E-003
   9.2351261780514275E-003
   9.2792605039669837E-003
   9.3027134160707445E-003
   9.4079130304781551E-003
   9.4615740598909225E-003
   9.5238592314157832E-003
   9.7084068533295487E-003
   9.7231605010050567E-003
   9.7469107448750671E-003
   9.8467850494742080E-003
   9.8651569449251311E-003
   1.0486538138647328E-002
   1.0502857963956025E-002
   1.0678934857714831E-002
   1.0849435695883460E-002
   1.0865295321576467E-002
   1.0897578663765173E-002
   1.1049168092476131E-002
   1.1401218505794421E-002
   1.1901645397946055E-002
   1.1917719821181318E-002
   1.1979248752020461E-002
   1.1998550005982845E-002
   1.1998755066500806E-002
   1.2012565031107788E-002
   1.2100717132077323E-002
   1.2293631490005815E-002
   1.2424988201061119E-002
   1.2440615508509008E-002
   1.2836728666412623E-002
   1.2958572727942095E-002
   1.3010875661917122E-002
   1.3344409741081538E-002
   1.3387175545263554E-002
   1.3920903839997409E-002
   1.3936697051809577E-002
   1.4083731923539013E-002
   1.4121550017283600E-002
   1.4176409298047215E-002
   1.4322045151937616E-002
   1.4352760959125667E-002
   1.4672635944743844E-002
   1.4941777644641070E-002
   1.5234399555815617E-002
   1.5310223101137516E-002
   1.5358453510509887E-002
   1.5456470877621777E-002
   1.5581764337432568E-002
   1.5955152954413774E-002
   1.6003665369306964E-002
   1.6104944905421786E-002
   1.6472012790893442E-002
   1.6745527064689882E-002
   1.7052525246718547E-002
   1.7355778975069500E-002
   1.7446581173351725E-002
   1.7490448419009024E-002
   1.7908771662889546E-002
   1.7928944681812744E-002
   1.8024067715612123E-002
   1.8206923919505760E-002
   1.8298315205960525E-002
   1.8413828245399270E-002
   1.8439656846637252E-002
   1.8757517452851584E-002
   1.8919510324870319E-002
   1.9177308574515488E-002
   1.9368025870876267E-002
   1.9871967056414492E-002
   1.9960039646029663E-002
   2.0738236258297193E-002
   2.1042182577477819E-002
   2.1510550798693535E-002
   2.1583297741029971E-002
   2.1732658223121214E-002
   2.2300841172970796E-002
   2.2815938475484632E-002
   2.3016932942670276E-002
   2.3092912438042585E-002
   2.3131792983982786E-002
   2.3357057837329935E-002
   2.3421915178185253E-002
   2.3630515216917135E-002
   2.4063224815964481E-002
   2.4339935179619136E-002
   2.4888378813887658E-002
   2.5026496823609738E-002
   2.5271825668229792E-002
   2.5410115147814535E-002
   2.5423675823479024E-002
   2.5836830476744583E-002
   2.5848057253343656E-002
   2.5883325781249154E-002
   2.6148118972874043E-002
   2.6329594854552343E-002
   2.6787721933415713E-002
   2.7107632321668653E-002
   2.7174124005444878E-002
   2.7339095313261567E-002
   2.7641236741008816E-002
   2.9100166105320114E-002
   2.9264022309340491E-002
   2.9454617031269021E-002
   2.9536584448826984E-002
   2.9975169869515161E-002
   3.0804059158194761E-002
   3.1729577175358251E-002
   3.2264286644111954E-002
   3.2436338622273034E-002
   3.2640690888748568E-002
   3.2749953966653499E-002
   3.2915841414568499E-002
   3.3504864246277750E-002
   3.4872494081834508E-002
   3.4994149148057124E-002
   3.5042817002709468E-002
   3.5178397550804666E-002
   3.5520725349904407E-002
   3.5652004699738671E-002
   3.5857582167728885E-002
   3.6588982942715682E-002
   3.6696846473992052E-002
   3.7493839650256565E-002
   3.7925001668161352E-002
   3.8056952796309378E-002
   3.8578572514299837E-002
   3.9518515872380380E-002
   3.9906625196770511E-002
   4.0022231831722460E-002
   4.0648412931177762E-002
   4.1031540816518997E-002
   4.1566488526754895E-002
   4.1943559357893602E-002
   4.1967115084668952E-002
   4.2202198415760714E-002
   4.2653759632161579E-002
   4.3432461508658982E-002
   4.4129937012543377E-002
   4.4187321344904787E-002
   4.4918815637279515E-002
   4.6120219139691394E-002
   4.6519699900011820E-002
   4.7095981616946746E-002
   4.7336977992836031E-002
   4.7634463134679519E-002
   4.8120233788592218E-002
   4.8455148515695878E-002
   4.8716751152235727E-002
   4.9397818876725570E-002
   5.1228613599295862E-002
   5.1289085153990339E-002
   5.3518012634599169E-002
   5.4153892170504814E-002
   5.4169738876623637E-002
   5.4827921158654473E-002
   5.5694852457983980E-002
   5.5705989880165827E-002
   5.6963127567030300E-002
   5.7410460413887317E-002
   5.7579134075114460E-002
   5.7681273098317956E-002
   5.9602270330157879E-002
   5.9764558851480902E-002
   6.0668403872055028E-002
   6.2111735730818164E-002
   6.2601430546982806E-002
   6.2820807045728316E-002
   6.3640866127183573E-002
   6.3782845859241682E-002
   6.4359104316751903E-002
   6.4602670629651096E-002
   6.4712298567304441E-002
   6.4870572357535031E-002
   6.5225994739974383E-002
   6.5400896652897333E-002
   6.6713235069702295E-002
   6.7112177719312896E-002
   6.7359087198126458E-002
   6.8851135955880174E-002
   7.1543102130801062E-002
   7.2423647411382464E-002
   7.3485614332220769E-002
   7.5332553692745607E-002
   7.5878035220617063E-002
   7.8594006233909566E-002
   7.9848808724667111E-002
   8.0263657093239280E-002
   8.0501670561194449E-002
   8.0698789536902557E-002
   8.0933771091674517E-002
   8.2078706099839097E-002
   8.2468564980082981E-002
   8.4557975897577242E-002
   8.5553452941052738E-002
   8.6495209619524671E-002
   8.6725214875733689E-002
   8.6869784203607303E-002
   8.7557127127474862E-002
   8.9094730491524929E-002
   9.1933481466395267E-002
   9.2192104264746694E-002
   9.2670220901456032E-002
   9.2791093248393006E-002
   9.4380569632109459E-002
   9.6157469547726651E-002
   9.7801834262847165E-002
   9.7973082929884159E-002
   9.8246818507967917E-002
   9.8687408012246541E-002
  0.10154632242379080     
  0.10329476688104450     
  0.10340882477432704     
  0.10386171503138980     
  0.10470340279266370     
  0.11044735235897313     
  0.11115548473748020     
  0.11208420389374320     
  0.11255264992519755     
  0.11360024344619130     
  0.11455144111115441     
  0.11500504770178603     
  0.11513534596471117     
  0.11547323051303568     
  0.11579767942277636     
  0.11848051709579675     
  0.12177085562348446     
  0.12222060062307230     
  0.12877805266075371     
  0.12979016283484354     
  0.13023487982075102     
  0.13026153420389350     
  0.13118657450181223     
  0.13225749749083229     
  0.13288120018155350     
  0.13727554455033447     
  0.14076678450746050     
  0.14093154795708637     
  0.14150807005846699     
  0.14227945610332848     
  0.14230388936458307     
  0.14714762835269815     
  0.14744660497414011     
  0.14914953936005326     
  0.15002881205417842     
  0.15005560155223852     
  0.15271780342213764     
  0.15485995050472556     
  0.15839096547457610     
  0.15869440738283391     
  0.16050440577452577     
  0.16164970871563578     
  0.16183954953995158     
  0.16476800702310626     
  0.16501686954522504     
  0.16995606504766853     
  0.17391621611381414     
  0.17700408425236525     
  0.17942380623268769     
  0.18193505745181759     
  0.18324727192541629     
  0.18381281790752316     
  0.18908592668031371     
  0.18942526111602040     
  0.19000233646843778     
  0.19051298024179197     
  0.19203746742062053     
  0.19760290983606757     
  0.19789828237039855     
  0.19809988015612318     
  0.19841889349722905     
  0.20192491871855570     
  0.20617673964453434     
  0.21142397927782919     
  0.21568383441848610     
  0.21584994453758793     
  0.22147855303508299     
  0.22284092423795118     
  0.22291974491863306     
  0.22649641234851256     
  0.23137271925868896     
  0.23635381416129378     
  0.23664832817277554     
  0.23696875578356580     
  0.23889807928599072     
  0.24157139559334073     
  0.24217195010128603     
  0.24368369922832600     
  0.25125480934472921     
  0.25364161652141282     
  0.25397696131759984     
  0.25675796135687268     
  0.25711971579630849     
  0.25745057640667401     
  0.26493882580403472     
  0.26633825897385083     
  0.27255155740018810     
  0.27286516107061398     
  0.28383497363458415     
  0.28450138639876388     
  0.28875226298115364     
  0.28927473193473469     
  0.30087930067103641     
  0.30101466301094065     
  0.30950766353039516     
  0.30962902689481542     
  0.31252222016312081     
  0.31254031584064990     
  0.32028174933365994     
  0.32622115067283119     
  0.32644328387983934     
  0.32906109197268629     
  0.32911424392003935     
  0.33222981609520047     
  0.33625689489884314     
  0.33871101086564770     
  0.34466855962413284     
  0.34472794171925519     
  0.34643407706786422     
  0.34652552866495517     
  0.35429794893881661     
  0.36558664853301065     
  0.36829164177620682     
  0.38081601941825816     
  0.38205270854990814     
  0.38311103255448892     
  0.38666989547924263     
  0.39095771152025532     
  0.39792448595678992     
  0.40299109745180167     
  0.40604508268532813     
  0.41495425883055126     
  0.41503483318520495     
  0.41784868275912418     
  0.42477800473621180     
  0.43522883279049024     
  0.44397767569829644     
  0.44414042940398957     
  0.45456027786439840     
  0.45701154588565096     
  0.45761735044883767     
  0.46151337003371873     
  0.46795257534915269     
  0.48153139996535610     
  0.48586883317279317     
  0.48707990848533056     
  0.48709225645110504     
  0.49477592989028546     
  0.49687403272872033     
  0.49694729547195787     
  0.51564762273523601     
  0.51766423592823363     
  0.51973929720464329     
  0.52693483053174761     
  0.52768355211019446     
  0.52770175087195181     
  0.53147796664231506     
  0.53703089814996607     
  0.56868244420309388     
  0.58327883384659485     
  0.58739285709933808     
  0.59058829645641930     
  0.59948943668395205     
  0.60865907220965387     
  0.61183592381315000     
  0.61765541867202478     
  0.62407548645252831     
  0.63117904465881558     
  0.63331512937995260     
  0.64466250709683437     
  0.65467442964923783     
  0.65542563562679745     
  0.65777571054313078     
  0.66520285005973923     
  0.67092674113701112     
  0.68271268833052123     
  0.68295962840366409     
  0.69052374835322350     
  0.69788186077606151     
  0.69853202568157646     
  0.71224975527936496     
  0.73971282773164626     
  0.74999718609513977     
  0.75595533409137905     
  0.76116886762234137     
  0.79080144500940841     
  0.79865227328093202     
  0.80135496189561906     
  0.80341529142369872     
  0.80690941999240595     
  0.80914305071979642     
  0.81431398973655444     
  0.81687312628465936     
  0.85020220200606622     
  0.85960909212507386     
  0.87729148457605244     
  0.88387310418521270     
  0.88701574511661241     
  0.90434525936233912     
  0.90556342933410539     
  0.90602818671186192     
  0.94071681851713074     
  0.94197778680782951     
  0.95330968433049079     
  0.96216642609965097     
  0.96639211024401128     
  0.97443525546060061     
  0.99226164451992727     
  0.99676194252161598     
  0.99840540543651835     
   1.0122289489123775     
   1.0483785824552694     
   1.0585392467924779     
   1.0701229091037261     
   1.0843859126081976     
   1.1046268109596014     
   1.1146224544493548     
   1.1353836301316225     
   1.1398226123182176     
   1.1481711362083127     
   1.1602318250609045     
   1.1844111220325837     
   1.1976425806473923     
   1.2020426937468114     
   1.2145789667709774     
   1.2206552337912673     
   1.2228846184334827     
   1.2472809459855154     
   1.2697045682885935     
   1.2764876656604109     
   1.2986555386544214     
   1.3204296767798629     
   1.3419286943365625     
   1.3439382770334769     
   1.3848293514863768     
   1.3867111816129105     
   1.4139266472695446     
   1.4281477578513087     
   1.4317938656200446     
   1.4341422154699321     
   1.4497797478873562     
   1.4589774109475722     
   1.4647186160540453     
   1.5344513615539384     
   1.5497633146094800     
   1.5519566435134626     
   1.5729037831554675     
   1.5859339448622143     
   1.6173120985369716     
   1.6716518788081454     
   1.6792332889846604     
   1.6922608549745086     
   1.6951019039904773     
   1.7110694311345496     
   1.7175220645005493     
   1.7402332032652952     
   1.7483584386071185     
   1.7605905891605267     
   1.7788894907633224     
   1.7830550364395785     
   1.8398670296407040     
   1.8584230178577548     
   1.9276664716279541     
   1.9412642046138104     
   1.9542072899058263     
   1.9703888578852413     
   1.9884079133397514     
   2.0369489696076806     
   2.0442041092513703     
   2.0772258730962299     
   2.0957824116460180     
   2.1024989160996861     
   2.1724009857278648     
   2.1760225470941097     
   2.1774516546353122     
   2.1899030755181172     
   2.2153034329431209     
   2.2256387852724235     
   2.2858877957354711     
   2.3410629501814548     
   2.3489090539170090     
   2.3594834449333808     
   2.3920496011699486     
   2.4287203195069553     
   2.4314000525369557     
   2.4508597549115416     
   2.5245143372727750     
   2.5735661307244793     
   2.6258926437538146     
   2.6608387094567409     
   2.6684508118985475     
   2.7021316762646230     
   2.7116446247098840     
   2.7627128626445527     
   2.7814185142367558     
   2.7980434922908279     
   2.8037705815469307     
   2.8257064284025382     
   2.8428255149955119     
   2.8846865269476907     
   2.9348333931271497     
   2.9864329503696609     
   3.1035859540198154     
   3.1198248706506941     
   3.1401063628423165     
   3.1851909601309356     
   3.2556599690154164     
   3.2701013854164556     
   3.2782061261776998     
   3.2926139727344474     
   3.3096728502197572     
   3.3742938942726237     
   3.4272980627025587     
   3.4363885800182148     
   3.5147428574070667     
   3.5647497020140833     
   3.5761667437378337     
   3.6517657769684302     
   3.6873726237762203     
   3.7241679427230534     
   3.7542664503609813     
   3.8262969110593619     
   3.8852097232684955     
   3.9302220653236861     
   4.0090009152801631     
   4.0116642092916832     
   4.0329178505756236     
   4.1679531086973407     
   4.1873240870164858     
   4.2110361252484028     
   4.2649907372289393     
   4.2686842617759586     
   4.2828007030601167     
   4.3160823804920394     
   4.5476513881427474     
   4.5672516343713410     
   4.5952682921276242     
   4.6260532409385542     
   4.6925494055702579     
   4.7732222808408009     
   4.7838986139606394     
   4.8138843044533273     
   4.9770932567554986     
   4.9910028266119895     
   4.9981909989242661     
   5.1121564701894515     
   5.2441272113577568     
   5.2553739814161942     
   5.2625920749094695     
   5.3400917985702216     
   5.3539650752621633     
   5.4112164561588303     
   5.6284580205783810     
   5.6541689086414673     
   5.7157950856048636     
   5.8439518769183652     
   5.8816231330305682     
   5.9028749378613625     
   5.9575297270497360     
   5.9772018327218843     
   6.1155786761327393     
   6.1473495202875750     
   6.3279398894779000     
   6.4112177194255535     
   6.4458213732156269     
   6.4846306051430185     
   6.6674502675241740     
   6.6926091967926071     
   6.8452096799014939     
   6.8596417096387956     
   6.8798896659309490     
   6.9767055363287716     
   7.0430729224774531     
   7.2300639867741117     
   7.3510238730271018     
   7.5068777010096062     
   7.5356911740290355     
   7.5775242790305155     
   7.5852434062220047     
   7.6780446002157339     
   7.9426202823744845     
   7.9840780986877427     
   8.1075240110384819     
   8.2384681098708121     
   8.2467152703508351     
   8.4347514603198857     
   8.5425136901572944     
   8.5453322280301176     
   8.8146966681178363     
   8.8725029360272174     
   9.0038114528555155     
   9.0748079256972929     
   9.2906923760967857     
   9.3485357174125703     
   9.5616948941834483     
   9.6464003019396944     
   9.8663511915035116     
