   5.3650099486031565E-003
   5.9679445716761632E-003
   6.6584687338260822E-003
   6.9795842798254662E-003
   7.4067658245555923E-003
   8.4081005063581637E-003
   8.6623033596470219E-003
   8.9081281780215137E-003
   9.9092482051523923E-003
   1.0261197740412535E-002
   1.0435222836266066E-002
   1.1588987157457443E-002
   1.2245992579835472E-002
   1.2542758845770142E-002
   1.2735086231095715E-002
   1.3622231019468660E-002
   1.3960912982804718E-002
   1.5249051755685555E-002
   1.5566712533726173E-002
   1.5931366040306642E-002
   1.6839269534191511E-002
   1.7037818309250673E-002
   1.8364848921407401E-002
   1.8731713113363496E-002
   1.8925469907501019E-002
   1.9192049483186299E-002
   2.0826150291339111E-002
   2.1859849396988807E-002
   2.1906967936787428E-002
   2.2792459569711793E-002
   2.2872910867466203E-002
   2.3421867357774195E-002
   2.5319712159770268E-002
   2.5443431709846923E-002
   2.5685807637093140E-002
   2.6390681854002937E-002
   2.7130075271137491E-002
   2.8629682559296113E-002
   2.9756405049349330E-002
   2.9774755879328381E-002
   3.0493219906236855E-002
   3.0527446845393734E-002
   3.1878439871149779E-002
   3.2207037107068140E-002
   3.3958205564100327E-002
   3.4038652076846247E-002
   3.4806976396806015E-002
   3.5846668559619613E-002
   3.6296361469251401E-002
   3.6953199151371817E-002
   3.8370689767835905E-002
   3.9368220922179613E-002
   3.9714537372070369E-002
   3.9952727153069613E-002
   4.1918990975948069E-002
   4.2245084867789967E-002
   4.2648372483137978E-002
   4.2649029354887694E-002
   4.3747069168253945E-002
   4.4442724882348419E-002
   4.6738292290697717E-002
   4.7621540418766574E-002
   4.7842938547657574E-002
   4.7862519382968774E-002
   4.9438369058649449E-002
   4.9896562369200474E-002
   5.0502375141720950E-002
   5.1238895669168734E-002
   5.1976311142971798E-002
   5.2930536466478446E-002
   5.3474160879447050E-002
   5.3805184851308870E-002
   5.6518194488453008E-002
   5.6521734932606364E-002
   5.6997264161109215E-002
   5.7642137461986521E-002
   5.8006501548255325E-002
   5.8387248409873568E-002
   5.8545163941550092E-002
   5.8629566905619303E-002
   5.9793601528851922E-002
   6.2614337834284786E-002
   6.2678073123177719E-002
   6.3711162887962705E-002
   6.4386830568310849E-002
   6.5012032589427421E-002
   6.6658998614024981E-002
   6.6777162481025915E-002
   6.7962863640098056E-002
   6.8611968943056781E-002
   7.0148649943952729E-002
   7.0813879620620565E-002
   7.1369560844626506E-002
   7.1622800266688852E-002
   7.2659910672309230E-002
   7.4209336064026687E-002
   7.6414179566089355E-002
   7.7604832523337761E-002
   7.7695490736081257E-002
   7.8295763940424243E-002
   7.9281172319138046E-002
   8.0302140862454005E-002
   8.0620584518589472E-002
   8.3763742242341677E-002
   8.3854761755685153E-002
   8.6768640016328863E-002
   8.7583655329930968E-002
   8.8191009245255123E-002
   8.9338787418728777E-002
   9.3196171418799517E-002
   9.3404751661700550E-002
   9.3454652343624350E-002
   9.3849380420054793E-002
   9.5669699141492093E-002
   9.7209106710122714E-002
   9.7347751071099303E-002
   9.8000273158603393E-002
   9.9282027759009350E-002
  0.10090772391674632     
  0.10314046559203356     
  0.10449783963922622     
  0.10642132393697479     
  0.10668326546814964     
  0.10683783299448540     
  0.10950756741748681     
  0.11315296460055536     
  0.11355826176922476     
  0.11527503530736867     
  0.11979047905947013     
  0.12043489078369767     
  0.12281391847509771     
  0.12314720879724124     
  0.12425029431582198     
  0.12438474427967629     
  0.12446104193291965     
  0.12586940701439048     
  0.12694018163112539     
  0.12901462498953448     
  0.13118761742028867     
  0.13363323648638770     
  0.13386134346781314     
  0.13648287843988807     
  0.13676131175775663     
  0.14511866006980084     
  0.14563711520549921     
  0.14593084388565244     
  0.14615483192656012     
  0.14669846076536158     
  0.14720581331770952     
  0.14910561700726080     
  0.14993456741011255     
  0.15052879610635100     
  0.15163434812832924     
  0.15851286675614892     
  0.16278825331768965     
  0.16358764949009319     
  0.16586251771194502     
  0.16614971675616577     
  0.16887946503885673     
  0.16942135916774523     
  0.17066790947756810     
  0.17539474984740672     
  0.17733452650942919     
  0.17740595789913780     
  0.18152333701753579     
  0.18182490466832177     
  0.18297928802765243     
  0.18300769637461903     
  0.18375693707556559     
  0.18482208042479212     
  0.18535000585932868     
  0.18767543438136558     
  0.19127980638661518     
  0.19368335789113988     
  0.19397824616682616     
  0.19445064149908314     
  0.19926166100420886     
  0.20192343055551173     
  0.20424068210824312     
  0.20559862572980087     
  0.20877399172162561     
  0.21034828812579895     
  0.21530926061241351     
  0.21615168700121151     
  0.21630354118832559     
  0.21641804130904946     
  0.21833308857400077     
  0.22040115996862705     
  0.22172982139685538     
  0.22366444362169519     
  0.22534211707487875     
  0.22719381357731516     
  0.22939029174251990     
  0.23367990476626985     
  0.23398780921340953     
  0.23615192545896249     
  0.24097189335589736     
  0.24267353397184233     
  0.24531406843674161     
  0.24959847780058553     
  0.25091138624891512     
  0.25296964099058489     
  0.25348265746248205     
  0.25492100318851790     
  0.26039159870572043     
  0.26234553763301849     
  0.26453825086351018     
  0.26570594794791702     
  0.26594558951755831     
  0.27138565741750692     
  0.27192348339249378     
  0.27365160906614128     
  0.28436584921397562     
  0.28448529947096179     
  0.28518161848258183     
  0.28574293685487995     
  0.28736359996993288     
  0.30474510819423456     
  0.30615691979893955     
  0.30670113655284770     
  0.30826182247256301     
  0.31759843982862079     
  0.31778041690165515     
  0.32008816369492060     
  0.32161436330866811     
  0.32161644247322579     
  0.32303285613932547     
  0.32508848244332816     
  0.32748486730160919     
  0.32966006863839986     
  0.33312787812182137     
  0.34023161370689198     
  0.34718423143307270     
  0.34805568999493691     
  0.34859130077827077     
  0.35733431631648432     
  0.36646190568205561     
  0.37190918605691775     
  0.37287661848008435     
  0.37608646283024949     
  0.37957076705196791     
  0.38733145321375190     
  0.38843839052121493     
  0.38980826412686703     
  0.39063376318531934     
  0.40068217773661918     
  0.40231526120062011     
  0.40731620799555857     
  0.40850640446926378     
  0.42091207203979703     
  0.42380522917748753     
  0.42438009675701099     
  0.43598035856347483     
  0.43999499986836860     
  0.44527735647605055     
  0.44637726777409559     
  0.44906548121321255     
  0.45460260597717023     
  0.45803335173439785     
  0.46049627578309504     
  0.46104420843340516     
  0.47224994068595372     
  0.47749056324609679     
  0.48232639933980942     
  0.49176942388886741     
  0.50300451754398079     
  0.51040019606761511     
  0.51183381939508332     
  0.51387011011498951     
  0.51594662219889975     
  0.53094811832148414     
  0.53452679250000412     
  0.53981470808016574     
  0.54173716547414397     
  0.55269010207855163     
  0.55913960568081866     
  0.56091797323824777     
  0.56702099280919427     
  0.56874348338464153     
  0.57106289452800663     
  0.58051648774596698     
  0.59787623193233186     
  0.60609167600780767     
  0.60698258429545926     
  0.60753407043963170     
  0.62136858868359279     
  0.62797682208980909     
  0.62808083073613585     
  0.63023424007759477     
  0.64572952406547790     
  0.66561976361878217     
  0.67698062453509000     
  0.67833152322120960     
  0.68423216007201781     
  0.69067283015309811     
  0.69913183879554552     
  0.70261520247138065     
  0.71386600076221240     
  0.71759801521148459     
  0.71790629102282044     
  0.72003865217677865     
  0.72806561786470481     
  0.73962077372764690     
  0.74629638052753877     
  0.76051246939414507     
  0.79229335621731156     
  0.79510348959755117     
  0.79546724133620417     
  0.80927292634928016     
  0.82750701101383395     
  0.83218308901498450     
  0.83232831046706590     
  0.83344456108653164     
  0.83524717566191709     
  0.85706866220105027     
  0.86514829895347567     
  0.86907080526288460     
  0.88359702438675003     
  0.89949316554623526     
  0.90056627704808900     
  0.92209843098663824     
  0.93096225734968618     
  0.93825722927621424     
  0.94601021594290979     
  0.95946249798057126     
  0.97783357767439383     
  0.98575331336281846     
   1.0070746778387909     
   1.0074190165305632     
   1.0079044452407431     
   1.0428570359637255     
   1.0439865487921496     
   1.0541476074620302     
   1.0651412618802876     
   1.0662488837213122     
   1.0664072252684813     
   1.0791630279682460     
   1.1334958385275899     
   1.1348005381410304     
   1.1428655802411780     
   1.1516865339974025     
   1.1673918573461946     
   1.1852935883389761     
   1.1883070670399933     
   1.1920950628724820     
   1.2337046520911896     
   1.2347710305247603     
   1.2349066138513571     
   1.2611017205841075     
   1.2958181969505365     
   1.2982595963565817     
   1.2989616005623696     
   1.3156683907621867     
   1.3207832000442365     
   1.3345682977417181     
   1.3820946856213598     
   1.3907160120105744     
   1.4035738755339060     
   1.4315724747113034     
   1.4429935760924604     
   1.4474444782322591     
   1.4607346353919528     
   1.4620998277162525     
   1.4953663389819802     
   1.5044163914313520     
   1.5457573178215038     
   1.5640148677628720     
   1.5708653370981853     
   1.5813746599515350     
   1.6235818330646199     
   1.6271009515218851     
   1.6617978222701206     
   1.6663000271576751     
   1.6721333658506494     
   1.6939933020747893     
   1.7087311581638345     
   1.7504292330464857     
   1.7792810804595969     
   1.8130930789541218     
   1.8204806322117699     
   1.8304195775242438     
   1.8324886379440486     
   1.8517561109904370     
   1.9123942056545913     
   1.9225760335668369     
   1.9501273642630224     
   1.9800686781791312     
   1.9808562568791555     
   2.0230967296976972     
   2.0483107692751319     
   2.0485866236182160     
   2.1095633809052674     
   2.1219242450926061     
   2.1517271742586730     
   2.1671729011152499     
   2.2160723463467416     
   2.2287571378455682     
   2.2762839359024003     
   2.2954058111963667     
   2.3443538489142188     
