0	0	0	0
1	2.7243331223565974	2.414213562373095	0.3101195599835025
2	4.682026643528664	4.414213562373095	0.2678130811555688
3	5.364644224801585	5.242640687119286	0.12200353768229899
4	7.322337745977905	6.414213562373095	0.9081241836048104
5	8.065347632593175	7.242640687119285	0.8227069454738904
6	9.481285438718585	8.071067811865476	1.4102176268531093
7	10.705658735039355	8.414213562373094	2.2914451726662612
8	12.121596541165188	9.242640687119284	2.8789558540459037
9	12.525753593116868	10.071067811865476	2.454685781251392
10	13.881519743127342	10.414213562373096	3.467306180754246
11	14.483447114290732	10.899494936611664	3.583952177679068
12	15.839213264303392	11.242640687119286	4.596572577184107
13	16.905645722350886	12.071067811865476	4.834577910485411
14	17.615316797781453	12.414213562373094	5.201103235408359
15	17.866768103350434	12.899494936611664	4.967273166738771
16	19.222534253362703	13.242640687119286	5.979893566243417
17	19.282705909478327	13.727922061357855	5.554783848120472
18	19.5459568247966	14.071067811865476	5.474889012931126
19	20.255627900229474	14.414213562373094	5.84141433785638
20	20.63847205949037	14.899494936611664	5.738977122878705
21	26.707066193109387	15.242640687119286	11.464425505990102
22	27.41673726854075	15.727922061357855	11.688815207182895
23	28.06283234312164	16.071067811865476	11.991764531256166
24	28.772503418554674	16.414213562373096	12.358289856181578
25	29.881891076306648	16.556349186104047	13.3255418902026
26	29.99888904083169	16.89949493661167	13.099394104220018
27	30.194005994049487	17.242640687119287	12.9513653069302
28	30.443030614940838	17.727922061357862	12.715108553582976
29	31.956582562006396	18.07106781186548	13.885514750140917
30	32.400724136114896	18.414213562373096	13.9865105737418
31	32.52220217875371	18.556349186104047	13.965852992649662
32	32.83431709649664	18.89949493661167	13.93482215988497
33	35.339903551067515	19.242640687119287	16.097262863948227
34	35.78404512517545	19.38477631085024	16.399268814325215
35	36.755841357193866	19.727922061357855	17.02791929583601
36	37.199982931302756	20.07106781186548	17.128915119437277
37	39.68331154706482	20.414213562373096	19.269097984691722
38	39.995426464808226	20.556349186104047	19.43907727870418
39	41.039077697077744	20.89949493661167	20.139582760466073
40	41.35119261482011	21.242640687119287	20.10855192770082
41	44.180201640825736	21.38477631085024	22.795425329975497
42	44.624343214933006	21.727922061357855	22.89642115357515
43	44.889872716258154	22.071067811865483	22.81880490439267
44	45.334014290366646	22.213203435596427	23.12081085477022
45	47.06679101448015	22.414213562373096	24.652577452107057
46	47.19678484429433	22.55634918610405	24.640435658190277
47	49.707102116927004	22.89949493661167	26.807607180315333
48	49.83709594674089	23.242640687119284	26.594455259621604
49	55.793663939301034	23.38477631085024	32.4088876284508
50	55.93085139904749	23.727922061357855	32.20292933768964
51	56.8682114852413	24.071067811865483	32.797143673375814
52	56.99820531505429	24.213203435596427	32.785001879457866
53	57.156446994781135	24.414213562373096	32.74223343240804
54	57.46856191252432	24.55634918610405	32.91221272642027
55	57.60058856888882	24.89949493661167	32.70109363227715
56	57.75135746047281	25.04163056034261	32.7097269001302
57	57.88854492022071	25.242640687119284	32.645904233101426
58	57.91270348663226	25.38477631085024	32.527927175782025
59	58.223977635252716	25.727922061357855	32.496055573894864
60	58.353971465066564	26.071067811865483	32.28290365320108
61	61.13467844953538	26.213203435596427	34.92147501393895
62	61.27186590928194	26.414213562373096	34.85765234690885
63	62.550616255663826	26.55634918610405	35.994267069559776
64	62.68780371541029	26.89949493661167	35.78830877879862
65	68.49517955762028	27.04163056034261	41.453548997277665
66	68.5475823569005	27.242640687119284	41.30494166978122
67	69.9749765392926	27.38477631085024	42.590200228442356
68	70.11216399903878	27.727922061357855	42.384241937680926
69	70.6846476147268	27.87005768508881	42.81458992963799
70	70.8218350744732	28.071067811865483	42.75076726260772
71	71.13549066006745	28.213203435596427	42.92228722447102
72	71.18789345934744	28.414213562373096	42.77367989697434
73	74.34134693295576	28.55634918610405	45.78499774685171
74	74.47134076277011	28.89949493661167	45.57184582615844
75	74.78548850706373	29.04163056034261	45.74385794672112
76	74.91548233687789	29.242640687119284	45.6728416497586
77	78.29660002838045	29.38477631085024	48.91182371753021
78	78.34900282766058	29.727922061357855	48.621080766302725
79	79.6523661783919	29.87005768508881	49.78230849330309
80	79.70476897767196	30.071067811865483	49.63370116580648
81	82.95122189324843	30.213203435596427	52.738018457652004
82	83.08840935299526	30.414213562373096	52.674195790622164
83	83.26333681099274	30.55634918610405	52.70698762488869
84	83.40052427073918	30.698484809835	52.70203946090418
85	90.05315775095501	30.89949493661167	59.153662814343335
86	90.12904027046558	31.04163056034261	59.08740971012297
87	92.01085127212832	31.242640687119284	60.76821058500904
88	92.0867337916398	31.38477631085024	60.70195748078956
89	94.18786658984287	31.727922061357855	62.45994452848501
90	94.20856355118664	31.87005768508881	62.33850586609783
91	95.39417226118887	32.07106781186548	63.32310444932339
92	95.47005478070112	32.21320343559643	63.25685134510469
93	95.76973547609528	32.41421356237309	63.355521913722185
94	95.82213827537537	32.55634918610404	63.26578908927132
95	96.21387705020365	32.698484809834994	63.515392240368655
96	96.26627984948378	32.899494936611674	63.366784912872106
97	96.81011006731651	33.04163056034261	63.768479506973904
98	96.82817769229004	33.242640687119284	63.58553700517076
99	96.84887465363347	33.38477631085024	63.46409834278323
100	96.88599258682943	33.526911934581186	63.359080652248245
101	100.13612183142438	33.72792206135786	66.40819977006652
102	100.2661156612385	33.87005768508881	66.39605797614969
103	100.27330929117113	34.07106781186548	66.20224147930566
104	100.4033031209852	34.21320343559643	66.19009968538877
105	103.98928706060171	34.41421356237309	69.57507349822862
106	104.00998402194618	34.55634918610404	69.45363483584214
107	104.23447035094792	34.698484809834994	69.53598554111292
108	104.31035287045906	34.899494936611674	69.41085793384738
109	104.9441414263815	35.04163056034261	69.9025108660389
110	105.02002394589356	35.24264068711928	69.77738325877428
111	105.34505321061462	35.38477631085024	69.96027689976438
112	105.36575017195862	35.526911934581186	69.83883823737744
113	117.21071570490244	35.72792206135785	81.4827936435446
114	117.28659822441313	35.87005768508881	81.41654053932432
115	117.52283062264551	36.071067811865476	81.45176281078004
116	117.5987131421572	36.21320343559643	81.38550970656077
117	121.46242250831769	36.35533905932737	85.10708344899032
118	121.48311946966128	36.41421356237309	85.06890590728818
119	121.56451037456327	36.55634918610404	85.00816118845923
120	121.61691317384395	36.69848480983499	84.91842836400897
121	121.70169783431012	36.899494936611674	84.80220289769845
122	121.75410063359026	37.04163056034262	84.71247007324763
123	121.90656408242486	37.24264068711928	84.66392339530559
124	121.92726104376972	37.38477631085024	84.54248473291948
125	124.15572525448783	37.526911934581186	86.62881331990664
126	124.16393725665549	37.72792206135785	86.43601519529764
127	126.79603635693522	37.87005768508881	88.92597867184641
128	126.80424835910156	38.071067811865476	88.73318054723609
129	132.84802181300492	38.21320343559643	94.6348183774085
130	132.93131098325955	38.35533905932737	94.57597192393217
131	133.95714572524744	38.41421356237309	95.54293216287435
132	133.96535772741484	38.55634918610404	95.4090085413108
133	134.39561564307786	38.69848480983499	95.69713083324288
134	134.47149816258792	38.899494936611674	95.57200322597625
135	134.5256094728927	39.04163056034262	95.4839789125501
136	134.60149199240232	39.18376618407357	95.41772580832875
137	134.80571533418004	39.24264068711928	95.56307464706076
138	134.88900450443373	39.38477631085024	95.50422819358349
139	135.3129118752597	39.526911934581186	95.7859999406785
140	135.32112387742686	39.72792206135785	95.59320181606901
141	138.18903632324069	39.87005768508881	98.31897863815188
142	138.27232549349512	40.071067811865476	98.20125768162964
143	139.60497412936766	40.21320343559643	99.39177069377124
144	139.68826329962295	40.35533905932737	99.33292424029557
145	147.02933441300019	40.41421356237309	106.6151208506271
146	147.11262358325385	40.55634918610404	106.5562743971498
147	147.2571974067867	40.69848480983499	106.55871259695172
148	147.27789436813057	40.899494936611674	106.3783994315189
149	147.3943848665326	41.04163056034262	106.35275430618998
150	147.41508182787672	41.18376618407357	106.23131564380316
151	147.739005488433	41.24264068711928	106.49636480131373
152	147.82229465868738	41.38477631085024	106.43751834783714
153	151.4302811729633	41.526911934581186	109.90336923838211
154	151.43849317513164	41.72792206135785	109.7105711137738
155	151.87442274707146	41.87005768508881	110.00436506198265
156	151.8826347492393	42.012193308819754	109.87044144041954
157	155.8240041862171	42.071067811865476	113.75293637435163
158	155.87640698549757	42.21320343559643	113.66320354990114
159	155.89988670572797	42.35533905932737	113.54454764640059
160	155.95228950500857	42.41421356237309	113.53807594263547
161	158.4058057508742	42.55634918610404	115.84945656477016
162	158.40954639348178	42.69848480983499	115.7110615836468
163	160.0055797669539	42.899494936611674	117.10608483034223
164	160.08886893720984	43.04163056034262	117.04723837686723
165	160.31769468469798	43.18376618407357	117.13392850062442
166	160.4009838549533	43.242640687119284	117.158343167834
167	161.04611685332227	43.38477631085024	117.66134054247203
168	161.04985749592888	43.526911934581186	117.52294556134768
169	168.20722622163302	43.72792206135785	124.47930416027518
170	168.21096686424175	43.87005768508882	124.34090917915293
171	169.562992371646	44.01219330881976	125.55079906282624
172	169.56673301425326	44.071067811865476	125.49566520238778
173	177.1904797051294	44.21320343559642	132.97727626953298
174	177.22505607143276	44.35533905932737	132.86971701210538
175	177.23326807359928	44.41421356237309	132.81905451122617
176	177.27376887538384	44.55634918610404	132.71741968927978
177	177.32047353494443	44.698484809834994	132.62198872510942
178	177.3622435311786	44.84062043356595	132.52162309761263
179	177.3704555333461	44.899494936611674	132.47096059673441
180	177.40376270519837	45.04163056034262	132.36213214485576
181	181.5166912184394	45.18376618407357	136.33292503436584
182	181.53738817978385	45.242640687119284	136.29474749266456
183	181.59257373795018	45.38477631085024	136.20779742709993
184	181.61327069929456	45.526911934581186	136.08635876471337
185	184.20392380663986	45.72792206135786	138.47600174528202
186	184.30182468735782	45.87005768508882	138.431767002269
187	185.68036166934968	46.01219330881976	139.66816836052993
188	185.68410231195702	46.071067811865476	139.61303450009154
189	186.12450324345684	46.21320343559642	139.91129980786042
190	186.12824388606597	46.355339059327385	139.7729048267386
191	186.16161732781484	46.41421356237309	139.74740376544173
192	186.25951820853228	46.55634918610404	139.70316902242826
193	189.54493831687492	46.698484809834994	142.84645350703994
194	189.64283919759353	46.84062043356595	142.80221876402757
195	190.960876123004	46.899494936611674	144.06138118639234
196	191.05877700372147	47.04163056034262	144.01714644337886
197	196.9488828227261	47.18376618407357	149.76511663865253
198	196.95156251663647	47.242640687119284	149.70892182951718
199	198.3852364066341	47.38477631085024	151.00046009578386
200	198.4831372873534	47.526911934581186	150.9562253527722
201	198.61886824826726	47.66904755831214	150.94982068995512
202	198.67127104754795	47.72792206135786	150.94334898619007
203	198.7021574185244	47.87005768508882	150.83209973343557
204	198.75456021780465	48.01219330881976	150.74236690898488
205	199.09490748206838	48.071067811865476	151.0238396702029
206	199.19280836278682	48.21320343559642	150.9796049271904
207	199.5891939251742	48.355339059327385	151.2338548658468
208	199.59187361908403	48.41421356237309	151.17766005671092
209	206.75030329348502	48.55634918610404	158.193954107381
210	206.75298298739563	48.698484809834994	158.05449817756062
211	208.10606944349703	48.84062043356595	159.26544900993107
212	208.10874913740744	48.899494936611674	159.20925420079578
213	211.36148176058913	49.04163056034262	162.31985120024652
214	211.45938264130945	49.18376618407357	162.27561645723588
215	211.47513656781803	49.242640687119284	162.23249588069874
216	211.4788772104256	49.38477631085024	162.09410089957535
217	211.48454988308586	49.526911934581186	161.95763794850467
218	211.4927618852517	49.66904755831214	161.82371432693955
219	211.56043240259618	49.72792206135786	161.83251034123833
220	211.56864440476417	49.87005768508882	161.69858671967535
221	211.6123240275644	50.01219330881976	161.60013071874465
222	211.61606467017242	50.071067811865476	161.54499685830694
223	211.67359667833335	50.21320343559642	161.46039324273693
224	211.77149755905327	50.355339059327385	161.4161584997259
225	224.22343874120062	50.41421356237309	173.80922517882755
226	224.2261184351111	50.49747468305833	173.72864375205276
227	224.31155528049115	50.55634918610404	173.75520609438712
228	224.33225224183514	50.698484809834994	173.63376743200013
229	224.3948444507468	50.84062043356595	173.55422401718084
230	224.41554141209113	50.899494936611674	173.51604647547947
231	224.66758031530915	51.04163056034262	173.62594975496654
232	224.67026000921882	51.18376618407357	173.48649382514526
233	228.546381698765	51.242640687119284	177.3037410116457
234	228.64428257948376	51.38477631085024	177.25950626863352
235	228.676375528579	51.526911934581186	177.1494635939978
236	228.77427640929764	51.66904755831214	177.1052288509855
237	239.8148841967459	51.72792206135786	188.08696213538803
238	239.8175927718076	51.87005768508882	187.94753508671877
239	242.45519529919326	52.01219330881976	190.4430019903735
240	242.45790387425487	52.071067811865476	190.3868360623894
241	244.12255734312345	52.21320343559642	191.90935390752702
242	244.2354941467601	52.355339059327385	191.8801550874327
243	245.73463037947067	52.41421356237309	193.32041681709757
244	245.7383710220784	52.49747468305833	193.24089633902008
245	245.8105128989837	52.55634918610404	193.25416371287963
246	245.81425354159182	52.698484809834994	193.11576873175682
247	246.08025086429737	52.84062043356595	193.2396304307314
248	246.19318766793387	52.899494936611674	193.2936927313222
249	249.463571853358	53.04163056034262	196.42194129301538
250	249.5765086569944	53.18376618407357	196.39274247292084
251	249.61630466750492	53.242640687119284	196.37366398038563
252	249.6190132425692	53.32590180780453	196.29311143476468
253	249.97477024190388	53.38477631085024	196.58999393105364
254	250.01821363967176	53.526911934581186	196.49130170509056
255	250.0208933335791	53.66904755831214	196.35184577526695
256	250.02717304118408	53.72792206135786	196.29925097982624
257	250.07267112262298	53.87005768508882	196.20261343753415
258	250.12507392190273	54.01219330881976	196.11288061308295
259	250.15540109941784	54.071067811865476	196.08433328755237
260	250.1580807933258	54.21320343559642	195.94487735772938
261	250.8795096594834	54.355339059327385	196.52417060015603
262	250.97207081751756	54.41421356237309	196.55785725514448
263	250.974779392581	54.49747468305833	196.47730470952268
264	250.99244646312	54.55634918610404	196.43609727701596
265	254.279413945138	54.698484809834994	199.580929135303
266	254.28762594730517	54.84062043356595	199.4470055137392
267	254.36270311539212	54.899494936611674	199.46320817878046
268	254.37091511756046	55.04163056034262	199.32928455721785
269	258.30386994311675	55.18376618407357	203.1201037590432
270	258.41680674675274	55.242640687119284	203.17416605963345
271	259.0135410185489	55.32590180780453	203.68763921074435
272	259.1264778221843	55.38477631085024	203.74170151133407
273	267.0894401152209	55.526911934581186	211.5625281806397
274	267.0921486902843	55.66904755831214	211.42310113197217
275	267.53358168932886	55.72792206135786	211.805659627971
276	267.5362902643923	55.87005768508882	211.66623257930345
277	271.2801152970715	56.01219330881976	215.26792198825177
278	271.39305210070944	56.071067811865476	215.32198428884396
279	271.592230214814	56.154328932550705	215.43790128226328
280	271.70516701845213	56.21320343559642	215.4919635828557
281	275.6674572741251	56.355339059327385	219.31211821479775
282	275.68815423546897	56.41421356237309	219.27394067309586
283	275.76535815484556	56.49747468305833	219.26788347178723
284	275.78605511618963	56.55634918610404	219.22970593008557
285	284.2777074513245	56.698484809834994	227.57922264148948
286	284.2803871452332	56.84062043356595	227.43976671166723
287	284.35358997083887	56.899494936611674	227.45409503422718
288	284.3562696647443	57.04163056034262	227.31463910440166
289	287.09627321084173	57.18376618407357	229.91250702676817
290	287.09920720149375	57.242640687119284	229.85656651437446
291	288.4650152352485	57.32590180780453	231.13911342744393
292	288.5294944415247	57.38477631085024	231.14471813067448
293	288.53323508413126	57.526911934581186	231.00632314955007
294	288.57795203888315	57.66904755831214	230.908904480571
295	288.5950090650613	57.72792206135786	230.86708700370343
296	288.6127836117782	57.87005768508882	230.74272592668936
297	288.616524254388	58.01219330881976	230.60433094556828
298	288.7079458686965	58.071067811865476	230.63687805683105
299	289.73658431328965	58.154328932550705	231.58225538073896
300	289.73951830394117	58.21320343559642	231.52631486834474
301	292.8842150136911	58.355339059327385	234.52887595436374
302	292.88692358875215	58.41421356237309	234.47271002637905
303	293.0214024734365	58.49747468305833	234.5239277903782
304	293.0241110485005	58.55634918610404	234.46776186239646
305	296.8976936816004	58.698484809834994	238.1992088717654
306	296.90062767225476	58.84062043356595	238.0600072386888
307	298.25345983161293	58.899494936611674	239.35396489500124
308	298.25639382226603	58.982756057296896	239.27363776496912
309	305.63531593877013	59.04163056034262	246.59368537842752
310	305.64352794093725	59.18376618407357	246.45976175686368
311	305.7332168194902	59.242640687119284	246.49057613237093
312	305.74142882165825	59.32590180780453	246.4155270138537
313	309.89340377838903	59.38477631085024	250.5086274675388
314	309.9458065776694	59.526911934581186	250.41889464308818
315	310.0063405820229	59.66904755831214	250.33729302371077
316	310.058743381303	59.72792206135786	250.33082131994513
317	312.60371565992807	59.87005768508882	252.73365797483925
318	312.7317109525636	60.01219330881976	252.71951764374387
319	314.37082912931567	60.071067811865476	254.2997613174502
320	314.37376311996877	60.154328932550705	254.21943418741807
321	314.56140918110265	60.21320343559642	254.34820574550622
322	314.6894044737405	60.355339059327385	254.33406541441315
323	314.81497070342414	60.41421356237309	254.40075714105103
324	314.8179046940766	60.49747468305833	254.3204300110183
325	317.9447301701624	60.55634918610404	257.38838098405836
326	318.0727254627985	60.698484809834994	257.37424065296346
327	319.36066797628877	60.84062043356595	258.5200475427228
328	319.48866326893005	60.899494936611674	258.58916833231837
329	326.7850282599197	60.982756057296896	265.8022722026228
330	326.91302355255726	61.04163056034262	265.8713929922146
331	327.0725715133751	61.18376618407357	265.88880532930153
332	327.0752512072847	61.242640687119284	265.8326105201654
333	327.143708825348	61.32590180780453	265.8178070175435
334	327.14641740040656	61.38477631085024	265.7616410895563
335	327.15586068363046	61.526911934581186	265.6289487490493
336	327.15854037753894	61.66904755831214	265.4894928192268
337	327.21959134485815	61.72792206135786	265.4916692835003
338	327.22229991991605	61.811183182043095	265.41111673787293
339	327.49469933535147	61.87005768508882	265.6246416502627
340	327.62269462799117	62.01219330881976	265.6105013191714
341	335.5860908106109	62.071067811865476	273.51502299874545
342	335.6067877719544	62.154328932550705	273.4524588394037
343	335.6990276142467	62.21320343559642	273.48582417865026
344	335.7197245755901	62.355339059327385	273.3643855162627
345	339.0858692960544	62.41421356237309	276.6716557336813
346	339.0890571278171	62.49747468305833	276.5915824447588
347	339.76127361387694	62.55634918610404	277.2049244277729
348	339.88539643515725	62.698484809834994	277.18691162532224
349	339.8891370777667	62.84062043356595	277.04851664420073
350	339.8892689065152	62.899494936611674	276.9897739699035
351	339.98329731587506	62.982756057296896	277.00054125857815
352	339.98703795848525	63.04163056034262	276.9454073981426
353	340.0733885316201	63.18376618407357	276.8896223475465
354	340.1656040277854	63.242640687119284	276.9229633406661
355	340.1685380184382	63.32590180780453	276.84263621063366
356	340.2013838242586	63.38477631085024	276.81660751340837
357	340.30279148753164	63.526911934581186	276.77587955295047
358	340.305725478186	63.66904755831214	276.6366779198739
359	341.7261803985015	63.72792206135786	277.9982583371437
360	341.72936823026237	63.811183182043095	277.91818504821924
361	348.88728976681284	63.87005768508882	285.01723208172405
362	348.89047759857704	64.01219330881976	284.8782842897573
363	350.2430559168245	64.07106781186548	286.17198810495904
364	350.2462437485873	64.15432893255071	286.0919148160366
365	356.9461735520532	64.21320343559641	292.7329701164568
366	357.07416884469046	64.35533905932738	292.7188297853631
367	357.0761673818672	64.41421356237309	292.6619538194941
368	357.2041626745042	64.49747468305833	292.70668799144585
369	365.5539494752571	64.55634918610404	300.99760028915307
370	365.5621614774244	64.63961030678928	300.92255117063513
371	365.6668862788937	64.698484809835	300.9684014690587
372	365.6750982810598	64.84062043356596	300.8344778474938
373	366.3604252145265	64.89949493661165	301.4609302779149
374	366.3636130462927	64.98275605729691	301.3808569889958
375	366.8045667886346	65.04163056034261	301.762936228292
376	366.8077546204008	65.18376618407356	301.6239884363272
377	369.93857288739326	65.24264068711929	304.695932200274
378	369.9412814624612	65.32590180780451	304.61537965465664
379	370.02186205765116	65.38477631085024	304.63708574680095
380	370.02457063271197	65.52691193458118	304.4976586981308
381	374.4250978394404	65.66904755831214	308.7560502811283
382	374.42803183009295	65.72792206135786	308.7001097687351
383	374.50098035895195	65.81118318204311	308.6897971769088
384	374.50391434960005	65.87005768508881	308.63385666451126
385	378.3745620951951	66.01219330881976	312.3623687863753
386	378.4269648944754	66.07106781186548	312.35589708260994
387	378.42847350700765	66.15432893255071	312.27414457445695
388	378.43115320092005	66.21320343559641	312.2179497653236
389	378.5025573878327	66.35533905932738	312.14721832850535
390	378.5263743877308	66.41421356237309	312.1121608253577
391	378.529054081636	66.49747468305833	312.03157939857766
392	378.5549601871125	66.55634918610404	311.99861100100844
393	389.6487441659725	66.63961030678928	323.00913385918324
394	389.79179915986947	66.698484809835	323.09331435003446
395	391.60643768714607	66.84062043356596	324.7658172535801
396	391.7494926810449	66.89949493661165	324.84999774443327
397	392.1552001129978	66.98275605729691	325.1724440557009
398	392.1583879447609	67.04163056034261	325.1167573844183
399	392.29238757274476	67.18376618407356	325.10862138867117
400	392.2955754045093	67.24264068711929	325.05293471739003
401	394.9897586762078	67.32590180780451	327.6638568684033
402	395.13281367010325	67.38477631085024	327.748037359253
403	396.4056964823362	67.46803743153548	328.93765905080073
404	396.5487514762301	67.52691193458118	329.02183954164894
405	396.74619991178076	67.66904755831214	329.0771523534686
406	396.74965097296683	67.72792206135786	329.021728911609
407	399.3865110142259	67.81118318204311	331.5753278321828
408	399.3899620754121	67.87005768508881	331.5199043903233
409	399.8040299716417	68.01219330881976	331.79183666282194
410	399.80777061425323	68.07106781186548	331.73670280238775
411	399.91696677527926	68.15432893255071	331.76263784272857
412	399.9207074178891	68.21320343559641	331.7075039822927
413	403.8300567659652	68.35533905932738	335.4747177066378
414	403.97311175986226	68.41421356237309	335.55889819748916
415	404.06724912741583	68.49747468305833	335.5697744443575
416	404.08794608876093	68.55634918610404	335.5315969026569
417	404.19524442005144	68.63961030678928	335.55563411326216
418	404.2159413813948	68.698484809835	335.5174565715598
419	404.53972784139887	68.84062043356596	335.6991074078329
420	404.6827828352945	68.89949493661165	335.7832878986829
421	406.54762038254006	68.98275605729691	337.56486432524315
422	406.55107144372766	69.04163056034261	337.5094408833851
423	407.90338653255026	69.18376618407356	338.7196203484767
424	407.9068375937391	69.24264068711929	338.66419690661985
425	416.8063021199212	69.32590180780451	347.48040031211667
426	416.94935711381487	69.38477631085024	347.56458080296466
427	417.1184170376648	69.46803743153548	347.6503796061293
428	417.21996190149054	69.52691193458118	347.69304996690937
429	417.2228958921434	69.66904755831214	347.5538483338313
430	417.26147203155745	69.72792206135786	347.5335499701996
431	417.303251071748	69.81118318204311	347.49206788970486
432	417.30618506239404	69.87005768508881	347.43612737730524
433	421.2944748810297	70.01219330881976	351.28228157220997
434	421.2971834560931	70.07106781186548	351.2261156442276
435	421.39237576175316	70.15432893255071	351.23804682920246
436	421.395084336806	70.21320343559641	351.1818809012096
437	424.0207558302541	70.29646455628165	353.7242912739724
438	424.0242068914428	70.35533905932738	353.66886783211544
439	424.4648974043622	70.41421356237309	354.0506838419891
440	424.4683484655508	70.49747468305833	353.97087378249245
441	426.4146939246546	70.55634918610404	355.85834473855056
442	426.4178817564147	70.63961030678928	355.77827144962544
443	426.4905764441632	70.69848480983498	355.79209163432824
444	426.4937642759246	70.84062043356595	355.65314384235865
445	433.99120205809595	70.89949493661165	363.0917071214843
446	434.03510779206147	70.98275605729691	363.05235173476456
447	434.04331979422926	71.04163056034261	363.0016892338866
448	434.1211958879104	71.18376618407356	362.93742970383687
449	434.13425705199273	71.24264068711929	362.89161636487347
450	434.1631030846983	71.32590180780451	362.8372012768938
451	434.1713150868638	71.38477631085024	362.7865387760136
452	434.2642508818063	71.46803743153548	362.7962134502708
453	438.34710704349203	71.52691193458118	366.82019510891087
454	438.34978673740545	71.66904755831214	366.6807391790933
455	438.4600438471305	71.72792206135786	366.7321217857727
456	438.4627235410429	71.8111831820431	366.6515403589998
457	449.8155307287236	71.87005768508881	377.9454730436348
458	449.8189817899086	72.01219330881976	377.80678848108886
459	449.95271818847016	72.07106781186548	377.8816503766047
460	449.95616924965674	72.15432893255071	377.80184031710604
461	455.41959060123366	72.21320343559641	383.20638716563724
462	455.47199340051435	72.29646455628165	383.1755288442327
463	455.5626455951329	72.35533905932739	383.2073065358055
464	455.6150483944129	72.41421356237309	383.2008348320398
465	463.76880161495694	72.49747468305834	391.2713269318986
466	463.77253675096927	72.55634918610403	391.2161875648652
467	466.4091127174015	72.63961030678928	393.76950241061223
468	466.4128478534154	72.69848480983498	393.7143630435804
469	468.28518828844886	72.84062043356595	395.4445678548829
470	468.2889289310569	72.89949493661165	395.38943399444526
471	468.4131835810852	72.98275605729691	395.4304275237883
472	468.41692422369226	73.04163056034261	395.3752936633497
473	468.5758638951222	73.12489168102785	395.45097221409435
474	468.5787978857785	73.18376618407356	395.39503170170497
475	468.6737647758468	73.24264068711929	395.43112408872753
476	468.67669876649035	73.32590180780451	395.3507969586858
477	469.20955798670207	73.38477631085024	395.8247816758518
478	469.2127458184669	73.46803743153548	395.7447083869314
479	469.29284715695917	73.52691193458118	395.765935222378
480	469.2960349887142	73.66904755831214	395.6269874304021
481	473.57022208571493	73.72792206135787	399.8423000243571
482	473.5739572217293	73.8111831820431	399.7627740396862
483	474.9259882357246	73.87005768508881	401.0559305506358
484	474.9297233717405	74.01219330881976	400.9175300629208
485	475.2659084916268	74.07106781186548	401.19484067976134
486	475.4240248214765	74.15432893255071	401.2696958889258
487	477.2236020128003	74.21320343559641	403.0103985772039
488	477.3817183426512	74.29646455628165	403.08525378636955
489	480.6069230018617	74.35533905932739	406.2515839425343
490	480.7650393317134	74.41421356237309	406.3508257693403
491	481.1122776334588	74.49747468305834	406.6148029504005
492	481.1329745948031	74.55634918610403	406.5766254086991
493	481.21310841751364	74.63961030678928	406.57349811072436
494	481.2158169925786	74.69848480983498	406.51733218274364
495	481.2553326273562	74.84062043356595	406.41471219379025
496	481.27602958870057	74.89949493661165	406.37653465208894
497	481.3260452211503	74.98275605729691	406.3432891638534
498	481.32875379621703	75.04163056034261	406.28712323587445
499	482.0228608079888	75.12489168102785	406.89796912696096
500	482.18097713784005	75.18376618407356	406.9972109537665
501	484.07502454038115	75.24264068711929	408.83238385326183
502	484.0784756015652	75.32590180780451	408.7525737937607
503	484.1509070598914	75.38477631085024	408.76613074904117
504	484.15435812107376	75.46803743153548	408.68632068953826
505	489.44722109162046	75.52691193458118	413.9203091570393
506	489.60533742147095	75.66904755831214	413.9362898631588
507	490.15689216705437	75.72792206135787	414.4289701056965
508	490.31500849690343	75.8111831820431	414.50382531486036
509	491.04335753343247	75.87005768508881	415.1732998483437
510	491.0470926694432	75.95331880577405	415.0937738636692
511	491.4874991075397	76.01219330881976	415.47530579871994
512	491.4912342435518	76.07106781186548	415.4201664316863
513	502.4234664455763	76.15432893255071	426.2691375130256
514	502.5815827754272	76.21320343559641	426.36837933983077
515	502.7355813633194	76.29646455628165	426.43911680703775
516	502.89369769316966	76.35533905932739	426.5383586338423
517	506.82826536030075	76.41421356237309	430.41405179792764
518	506.8309450542095	76.49747468305834	430.3334703711512
519	506.9562606529369	76.55634918610403	430.3999114668329
520	506.95894034684204	76.63961030678928	430.31933004005276
521	511.0801362981037	76.69848480983498	434.38165148826874
522	511.08834830027286	76.84062043356595	434.2477278667069
523	511.2231912920028	76.89949493661165	434.3236963553912
524	511.2314032941722	76.98275605729691	434.2486472368753
525	516.8381324319	77.04163056034261	439.79650187155744
526	516.8418675679103	77.12489168102785	439.71697588688244
527	516.9753198916472	77.18376618407356	439.7915537075737
528	516.9790550276575	77.24264068711929	439.7364143405382
529	519.6083663837474	77.32590180780451	442.28246457594287
530	519.7383602135628	77.38477631085024	442.35358390271256
531	519.7664827136057	77.46803743153548	442.2984452820702
532	519.8964765434191	77.52691193458118	442.36956460883795
533	520.5654599803344	77.66904755831214	442.8964124220222
534	520.568647812095	77.72792206135787	442.8407257507372
535	520.6633608610628	77.8111831820431	442.85217767901963
536	520.6665486928163	77.87005768508881	442.79649100772747
537	526.8698886024308	77.95331880577405	448.91656979665674
538	526.8733396636177	78.01219330881976	448.86114635479794
539	526.9531777726852	78.07106781186548	448.8821099608197
540	526.9566288338672	78.15432893255071	448.8022999013165
541	528.4944974316088	78.21320343559641	450.2812939960124
542	528.4974314222605	78.29646455628165	450.2009668659789
543	528.6074342352472	78.35533905932739	450.2520951759198
544	528.6103682258968	78.41421356237309	450.19615466352366
545	541.0367549268865	78.49747468305834	462.53928024382816
546	541.0891577261665	78.55634918610403	462.53280854006243
547	541.1948712567454	78.63961030678928	462.5552609499561
548	541.2472740560256	78.69848480983498	462.5487892461906
549	545.3302167944901	78.78174593052022	466.54847086396984
550	545.3339574370982	78.84062043356595	466.49333700353225
551	545.4732717883857	78.89949493661165	466.573776851774
552	545.4770124310012	78.98275605729691	466.4942563737043
553	549.6942667343291	79.04163056034261	470.6526361739865
554	549.6969753093837	79.12489168102785	470.5720836283558
555	549.8222620269563	79.18376618407356	470.6384958428828
556	549.8249706020183	79.24264068711929	470.582329914899
557	551.0976262435562	79.32590180780451	471.7717244357517
558	551.1013613795653	79.38477631085024	471.71658506871506
559	551.1735087630657	79.46803743153548	471.7054713315302
560	551.1772438990798	79.52691193458118	471.65033196449866
561	566.7294419591128	79.66904755831214	487.06039440080065
562	566.7501389204579	79.72792206135787	487.0222168591
563	566.8875582889694	79.8111831820431	487.0763751069263
564	566.9082552503135	79.87005768508881	487.03819756522466
565	569.4967697446624	79.95331880577405	489.5434509388883
566	569.6699554386406	80.01219330881976	489.65776212982087
567	571.4544632658349	80.07106781186548	491.3833954539694
568	571.6276489598187	80.15432893255071	491.47332002726796
569	574.8377842548956	80.21320343559641	494.6245808192992
570	575.0109699488753	80.29646455628165	494.71450539259365
571	576.2537220610201	80.35533905932739	495.8983830016927
572	576.4269077550027	80.41421356237309	496.0126941926296
573	578.225790596064	80.49747468305834	497.7283159130057
574	578.2292416572445	80.55634918610403	497.67289247114047
575	578.3236914767893	80.63961030678928	497.68408117000007
576	578.327142537965	80.69848480983498	497.62865772812995
577	580.4840935168216	80.78174593052022	499.7023475863014
578	580.4872813485764	80.84062043356595	499.64666091501044
579	580.5970303204581	80.89949493661165	499.69753538384646
580	580.60021815222	80.98275605729691	499.6174620949231
581	583.6780823446517	81.04163056034261	502.6364517843091
582	583.8512680386319	81.12489168102785	502.72637635760407
583	583.8732938663387	81.18376618407356	502.6895276822652
584	583.8759735602454	81.24264068711929	502.63333287312605
585	584.0163488602434	81.32590180780451	502.6904470524389
586	584.0190285541509	81.38477631085024	502.6342522433006
587	584.3877534200844	81.46803743153548	502.91971598854894
588	584.5609391140633	81.52691193458118	503.03402717948217
589	593.8924903056059	81.61017305526644	512.2823172503395
590	593.8962254416209	81.66904755831214	512.2271778833087
591	593.9757794758631	81.72792206135787	512.2478574145052
592	593.9795146118721	81.8111831820431	512.168331429829
593	596.6543276986071	81.87005768508881	514.7842700135183
594	596.697300623758	81.95331880577405	514.7439818179839
595	596.7055126259277	82.01219330881976	514.6933193171079
596	596.8275133925938	82.07106781186548	514.7564455807283
597	596.8554169536151	82.15432893255071	514.7010880210644
598	596.8636289557833	82.21320343559641	514.6504255201869
599	596.9664426163489	82.29646455628165	514.6699780600673
600	596.9756557484211	82.35533905932739	514.6203166890937
601	596.9785897390695	82.41421356237309	514.5643761766964
602	597.1036510410468	82.49747468305834	514.6061763579884
603	597.106585031705	82.55634918610403	514.5502358456009
604	597.1396283103376	82.63961030678928	514.5000180035483
605	613.8392276367865	82.69848480983498	531.1407428269515
606	613.9692214666024	82.78174593052022	531.1874755360823
607	614.0124133307659	82.84062043356595	531.1717928971999
608	614.1424071605792	82.89949493661165	531.2429122239676
609	626.7392952403598	82.98275605729691	543.7565391830628
610	626.7420038154161	83.04163056034261	543.7003732550735
611	626.8823502342608	83.12489168102785	543.7574585532329
612	626.8850588093184	83.18376618407356	543.7012926252448
613	630.9473811201499	83.24264068711929	547.7047404330306
614	630.9511217627561	83.32590180780451	547.6252199549516
615	631.1054974499988	83.38477631085024	547.7207211391485
616	631.1092380926116	83.46803743153548	547.6412006610761
617	635.2676161799284	83.52691193458118	551.7407042453472
618	635.3200189792097	83.61017305526644	551.7098459239432
619	635.4408018739036	83.66904755831214	551.7717543155915
620	635.493204673183	83.72792206135787	551.7652826118251
621	638.1444241325486	83.8111831820431	554.3332409505055
622	638.1478751937341	83.87005768508881	554.2778175086453
623	638.2573609361851	83.95331880577405	554.3040421304111
624	638.2608119973679	84.01219330881976	554.2486186885482
625	645.2483922992393	84.07106781186548	561.1773244873739
626	645.252127435252	84.15432893255071	561.0977985027013
627	645.3462931799623	84.21320343559641	561.133089744366
628	645.350028315976	84.29646455628165	561.0535637596944
629	648.9652518336272	84.35533905932739	564.6099127742998
630	648.9684396653887	84.41421356237309	564.5542261030156
631	649.093247126265	84.43860018001261	564.6546469462525
632	649.0964349580198	84.49747468305834	564.5989602749614
633	660.9603032121485	84.55634918610403	576.4039540260444
634	660.9810001734941	84.63961030678928	576.3413898667047
635	661.1334889061307	84.69848480983498	576.4350040962956
636	661.1541858674741	84.78174593052022	576.3724399369539
637	669.4904581919999	84.84062043356595	584.6498377584339
638	669.4931378859059	84.89949493661165	584.5936429492942
639	669.6485745218505	84.98275605729691	584.6658184645536
640	669.6512542157656	85.04163056034261	584.609623655423
641	672.544204554002	85.12489168102785	587.4193128729742
642	672.7324960534577	85.18376618407356	587.5487298693841
643	674.0206842544557	85.24264068711929	588.7780435673363
644	674.0236182451094	85.32590180780451	588.697716437305
645	674.1637392483574	85.38477631085024	588.7789629375071
646	674.1666732390071	85.46803743153548	588.6986358074716
647	674.5018980751696	85.52691193458118	588.9749861405884
648	674.6901895746337	85.61017305526644	589.0800165193673
649	677.8852190642397	85.66904755831214	592.2161715059275
650	678.0735105636945	85.72792206135787	592.3455885023367
651	679.3011568703624	85.8111831820431	593.4899736883193
652	679.4894483698267	85.87005768508881	593.6193906847379
653	686.7255171539904	85.95331880577405	600.7721983482163
654	686.9138086534522	86.01219330881977	600.9016153446324
655	687.4351882294224	86.07106781186546	601.3641204175569
656	687.6234797288886	86.1543289325507	601.4691507963379
657	690.9281618767999	86.21320343559643	604.7149584412034
658	690.9363738789682	86.29646455628166	604.6399093226865
659	691.1013475707712	86.35533905932739	604.7460085114437
660	691.1095595729387	86.41421356237308	604.6953460105656
661	699.7017625079433	86.43860018001261	613.2631623279307
662	699.8900540074092	86.49747468305834	613.3925793243508
663	700.0138774256868	86.55634918610403	613.4575282395828
664	700.2021689251534	86.63961030678928	613.5625586183642
665	705.1670258357251	86.69848480983498	618.4685410258901
666	705.1707609717364	86.78174593052022	618.3890150412162
667	705.2799626393623	86.84062043356596	618.4393422057964
668	705.2836977753735	86.89949493661165	618.3842028387619
669	706.6255824493538	86.98275605729691	619.6428263920569
670	706.6290335105316	87.04163056034261	619.587402950189
671	706.7535777419905	87.12489168102785	619.6286860609627
672	706.7570288031732	87.18376618407356	619.5732626190996
673	712.356459566014	87.24264068711929	625.1138188788947
674	712.3591681410754	87.26702730475878	625.0921408363166
675	712.5145758958728	87.32590180780451	625.1886740880683
676	712.5172844709332	87.38477631085024	625.1325081600829
677	716.8866624461257	87.46803743153549	629.4186250145901
678	717.0166562759406	87.52691193458118	629.4897443413594
679	717.074953945585	87.61017305526644	629.4647808903185
680	717.2049477753993	87.66904755831214	629.5359002170871
681	725.1782423731859	87.72792206135787	637.450320311828
682	725.1819830157942	87.8111831820431	637.3707998337511
683	725.3514280671599	87.87005768508881	637.4813703820711
684	725.3551687097709	87.95331880577405	637.4018499039968
685	726.0102803396684	88.01219330881977	637.9980870308486
686	726.0134681714287	88.07106781186546	637.9424003595633
687	726.1533353335734	88.1543289325507	637.9990064010227
688	726.1565231653337	88.21320343559643	637.9433197297374
689	738.315050989266	88.29646455628166	650.0185864329843
690	738.3674537885457	88.35533905932739	650.0121147292183
691	738.5033424887251	88.41421356237308	650.089128926352
692	738.555745288005	88.43860018001261	650.1171451079924
693	759.6378485801167	88.49747468305834	671.1403738970583
694	759.6407825707574	88.55634918610403	671.0844333846534
695	759.7959649099699	88.63961030678928	671.1563546031807
696	759.7988989006132	88.69848480983498	671.1004140907781
697	763.7213194450337	88.78174593052022	674.9395735145135
698	763.7239991389405	88.84062043356596	674.8833787053745
699	763.8945051390139	88.89949493661165	674.9950102024022
700	763.8971848329303	88.98275605729691	674.9144287756334
701	764.0077380214885	89.04163056034261	674.966107461146
702	764.0284349828332	89.12489168102785	674.9035433018054
703	764.1960295209465	89.18376618407356	675.0122633368729
704	764.2167264822901	89.24264068711929	674.9740857951708
705	773.648184152528	89.26702730475878	684.3811568477691
706	773.6519192885411	89.32590180780451	684.3260174807366
707	773.7761794451593	89.38477631085024	684.391403134309
708	773.7799145811784	89.46803743153549	684.3118771496429
709	783.6706109554015	89.52691193458118	694.1436990208202
710	783.6740620165803	89.61017305526644	694.0638889613138
711	783.8136659492935	89.66904755831214	694.1446183909813
712	783.8171170104795	89.72792206135787	694.0891949491216
713	785.3959529035686	89.8111831820431	695.5847697215255
714	785.5995137445005	89.87005768508881	695.7294560594117
715	787.3536464247479	89.95331880577405	697.4003276189738
716	787.5572072656781	90.01219330881977	697.5450139568584
717	790.7369674138013	90.07106781186546	700.6658996019358
718	790.9405282547331	90.09545442950501	700.845073825228
719	792.1529052199415	90.15432893255071	701.9985762873908
720	792.356466060859	90.21320343559643	702.1432626252627
721	793.9755966861362	90.29646455628166	703.6791321298546
722	793.9838086883037	90.35533905932735	703.6284696289764
723	794.163888185587	90.41421356237308	703.7496746232139
724	794.1721001877563	90.43860018001259	703.7335000077437
725	799.5772655035516	90.49747468305834	709.0797908204933
726	799.7808263444955	90.55634918610404	709.2244771583914
727	800.2869365789888	90.63961030678928	709.6473262721995
728	800.4904974199281	90.698484809835	709.7920126100931
729	806.587320819055	90.78174593052023	715.8055748885347
730	806.590029394113	90.84062043356596	715.749408960547
731	806.7605065130355	90.89949493661165	715.8610115764238
732	806.7632150880963	90.98275605729692	715.7804590307994
733	811.6274446653192	91.0416305603426	720.5858141049766
734	811.6306324970851	91.12489168102785	720.5057408160573
735	811.7855609951806	91.18376618407356	720.6017948111071
736	811.7887488269416	91.24264068711928	720.5461081398223
737	812.553510857509	91.26702730475881	721.2864835527502
738	812.7570716984566	91.32590180780451	721.4311698906521
739	812.8656257752525	91.38477631085024	721.4808494644022
740	813.0691866162005	91.46803743153549	721.601149184665
741	828.2256771825238	91.52691193458121	736.6987652479426
742	828.229417825132	91.61017305526644	736.6192447698656
743	828.413968681977	91.66904755831214	736.7449211236649
744	828.4177093245855	91.72792206135786	736.6897872632277
745	829.7384107956851	91.81118318204308	737.927227613642
746	829.8684046254969	91.87005768508881	737.998346940408
747	829.9419716366368	91.95331880577405	737.9886528308627
748	830.0719654664509	92.01219330881977	738.0597721576312
749	850.693212658577	92.07106781186548	758.6221448467115
750	850.6969477945842	92.09545442950501	758.6014933650791
751	850.8362676524698	92.15432893255071	758.6819387199191
752	850.8400027884833	92.21320343559643	758.6267993528868
753	851.1667993388209	92.29646455628166	758.8703347825392
754	851.2192021381012	92.35533905932735	758.8638630787739
755	851.3703601797704	92.41421356237308	758.9561466173973
756	851.4227629790514	92.43860018001259	758.9841627990388
757	853.8687098331445	92.49747468305834	761.3712351500861
758	853.8716438237909	92.55634918610404	761.3152946376869
759	854.0418955271225	92.63961030678928	761.4022852203332
760	854.0448295177771	92.698484809835	761.3463447079421
761	866.768754254379	92.78174593052023	773.9870083238588
762	866.7714339482816	92.84062043356596	773.9308135147156
763	866.9570457538263	92.89949493661165	774.0575508172146
764	866.9597254477277	92.9238815542512	774.0358438934765
765	869.2877752810534	92.98275605729692	776.3050192237565
766	869.2912263422421	93.0416305603426	776.2495957818995
767	869.4458916109006	93.12489168102785	776.3209999298728
768	869.4493426720904	93.18376618407356	776.2655764880169
769	876.859486371049	93.24264068711928	783.6168456839297
770	876.8801833323921	93.26702730475881	783.6131560276333
771	877.0630472119922	93.32590180780451	783.7371454041877
772	877.0837441733365	93.38477631085024	783.6989678624863
773	905.8583059183622	93.46803743153549	812.3902684868267
774	905.8614937501226	93.52691193458121	812.3345818155414
775	906.0314916123393	93.61017305526644	812.4213185570729
776	906.0346794440926	93.66904755831214	812.3656318857804
777	906.8273450356957	93.72792206135786	813.0994229743378
778	906.8355570378627	93.81118318204308	813.0243738558196
779	907.0309058766371	93.87005768508881	813.1608481915483
780	907.0391178788029	93.95331880577405	813.0857990730289
781	909.6347556283949	94.01219330881977	815.6225623195752
782	909.637464203458	94.07106781186548	815.5663963915924
783	909.823047127846	94.09545442950501	815.727592698341
784	909.8257557029111	94.15432893255071	815.6714267703604
785	913.2544300921601	94.21320343559643	819.0412266565636
786	913.474042693692	94.29646455628166	819.1775781374104
787	915.2121236133319	94.35533905932735	820.8567845540045
788	915.4317362148612	94.41421356237308	821.0175226524881
789	918.5954446023927	94.43860018001259	824.1568444223801
790	918.8150572039303	94.49747468305834	824.317582520872
791	920.0113824085176	94.55634918610404	825.4550332224136
792	920.2309950100516	94.63961030678928	825.5913847032623
793	927.4357426921543	94.698484809835	832.7372578823193
794	927.6553552936924	94.78174593052023	832.8736093631721
795	928.1454137675872	94.84062043356596	833.3047933340213
796	928.3650263691264	94.89949493661165	833.4655314325148
797	936.3103769842274	94.9238815542512	841.3864954299762
798	936.3141121202418	94.98275605729692	841.3313560629449
799	936.468493314078	95.0416305603426	841.4268627537355
800	936.4722284500896	95.12489168102785	841.3473367690617
801	940.4119880461028	95.18376618407356	845.2282218620293
802	940.6316006476441	95.24264068711928	845.3889599605247
803	940.7241029638471	95.26702730475881	845.4570756590883
804	940.9437155653862	95.32590180780451	845.6178137575818
805	941.0774255320897	95.38477631085024	845.6926492212394
806	941.0811661746943	95.46803743153549	845.6131287431588
807	941.2809863730237	95.52691193458121	845.7540744384424
808	941.2847270156285	95.61017305526644	845.6745539603621
809	956.9161446424913	95.66904755831214	861.2470970841791
810	956.9190786331405	95.72792206135786	861.1911565717827
811	957.1044361419468	95.75230867899738	861.3521274629495
812	957.1073701325965	95.81118318204308	861.2961869505534
813	957.5968879842868	95.87005768508881	861.726830299198
814	957.7268818140973	95.95331880577405	861.7735630083232
815	957.8165005858173	96.01219330881977	861.8043072769975
816	957.9464944156316	96.07106781186548	861.8754266037661
817	963.5186365340936	96.09545442950501	867.4231821045886
818	963.5220875952765	96.15432893255071	867.3677586627258
819	963.691822228068	96.21320343559643	867.4786187924715
820	963.6952732892439	96.29646455628166	867.3988087329623
821	979.0252765274234	96.35533905932735	882.6699374680961
822	979.0776793267028	96.41421356237308	882.6634657643297
823	979.2448891289544	96.43860018001259	882.8062889489418
824	979.2972919282344	96.49747468305834	882.799817245176
825	979.6205026039416	96.55634918610404	883.0641534178376
826	979.6231822978469	96.63961030678928	882.9835719910577
827	979.8240634448755	96.698484809835	883.1255786350405
828	979.8267431387828	96.78174593052023	883.0449972082627
829	1004.7179635596416	96.84062043356596	907.8773431260756
830	1004.7386605209853	96.89949493661165	907.8391655843736
831	1004.9375761611792	96.9238815542512	908.013694606928
832	1004.9582731225237	96.98275605729692	907.9755170652268
833	1008.9057407277057	97.0416305603426	911.8641101673632
834	1008.9089285594624	97.12489168102785	911.7840368784346
835	1009.0940322271582	97.18376618407356	911.9102660430847
836	1009.0972200589212	97.24264068711928	911.8545793718018
837	1022.4865039779576	97.26702730475881	925.2194766731988
838	1022.489212553024	97.32590180780451	925.1633107452195
839	1022.6900648188972	97.38477631085024	925.3052885080469
840	1022.6927733939486	97.46803743153549	925.2247359624132
841	1030.541238237268	97.52691193458121	933.0143263026869
842	1030.5449733732796	97.61017305526644	932.9348003180132
843	1030.71442393125	97.66904755831214	933.0453763729378
844	1030.7181590672474	97.72792206135786	932.9902370058895
845	1034.6858222242906	97.75230867899738	936.9335135452933
846	1034.6940342264588	97.81118318204308	936.8828510444157
847	1034.9054348258248	97.87005768508881	937.035377140736
848	1034.9136468279942	97.95331880577405	936.9603280222201
849	1066.5660713434213	98.01219330881977	968.5538780346016
850	1066.5695224046087	98.07106781186548	968.4984545927432
851	1066.754362842876	98.09545442950501	968.6589084133709
852	1066.7578139040684	98.15432893255071	968.6034849715177
853	1068.935902720674	98.21320343559643	970.7226992850776
854	1068.9396433632849	98.29646455628166	970.6431788070032
855	1069.1555153222087	98.35533905932735	970.8001762628813
856	1069.1592559648163	98.41421356237308	970.7450424024432
857	1069.7678929920562	98.43860018001259	971.3292928120436
858	1069.7708269827106	98.49747468305834	971.2733522996522
859	1069.9714538329974	98.55634918610404	971.4151046468934
860	1069.9743878236343	98.58073580374355	971.3936520198907
861	1107.4789797925266	98.63961030678928	1008.8393694857373
862	1107.4816594864371	98.698484809835	1008.7831746766021
863	1107.6985923940558	98.78174593052023	1008.9168464635356
864	1107.7012720879684	98.84062043356596	1008.8606516544024
865	1121.7574890772653	98.89949493661165	1022.8579941406537
866	1121.7606769090253	98.9238815542512	1022.836795354774
867	1121.9610499181954	98.98275605729692	1022.9782938608985
868	1121.9642377499617	99.0416305603426	1022.9226071896192
869	1133.5886730466045	99.12489168102785	1034.4637813655768
870	1133.5924081826174	99.18376618407356	1034.4086419985438
871	1133.7769645460612	99.24264068711928	1034.534323858942
872	1133.780699682065	99.26702730475881	1034.5136723773062
873	1150.3449811665355	99.32590180780451	1051.019079358731
874	1150.3476897416133	99.38477631085024	1050.9629134307631
875	1150.5645937680815	99.46803743153549	1051.096556336546
876	1150.5673023431402	99.52691193458121	1051.040390408559
877	1179.4178196929875	99.61017305526644	1079.807646637721
878	1179.4212707541662	99.66904755831214	1079.7522231958542
879	1179.6213805339214	99.72792206135786	1079.8934584725635
880	1179.6248315951213	99.75230867899738	1079.872522916124
881	1197.626370180648	99.81118318204308	1097.815186998605
882	1197.6293041713004	99.87005768508881	1097.7592464862116
883	1197.8459827821798	99.95331880577405	1097.8926639764059
884	1197.8489167728326	100.01219330881977	1097.8367234640127
885	1246.4404213961686	100.07106781186548	1146.369353584303
886	1246.4441565321772	100.09545442950501	1146.3487021026722
887	1246.6439822370935	100.15432893255071	1146.4896533045428
888	1246.6477173731082	100.21320343559644	1146.4345139375118
889	1249.6159662658595	100.29646455628166	1149.3195017095777
890	1249.6191540976115	100.35533905932738	1149.263815038284
891	1249.8355788674035	100.41421356237308	1149.4213653050303
892	1249.8387666991505	100.43860018001259	1149.4001665191379
893	1307.276296881556	100.49747468305831	1206.7788221984977
894	1307.2797479427993	100.55634918610404	1206.7233987566954
895	1307.4959094831272	100.58073580374355	1206.9151736793838
896	1307.499360544298	100.63961030678928	1206.8597502375087
897	1374.2988985847785	100.698484809835	1273.6004137749435
898	1374.302633720763	100.78174593052023	1273.5208877902428
899	1374.5185111863236	100.84062043356596	1273.6778907527578
900	1374.5222463222747	100.89949493661165	1273.622751385663
