   3.9953402215477385E-003
   4.2202570863209346E-003
   4.4771342434254879E-003
   4.5968566607290130E-003
   4.7291736046218115E-003
   5.1275705092414699E-003
   5.1511869394429283E-003
   5.2993409149351871E-003
   5.5976662333959634E-003
   5.7458990322506532E-003
   5.8154576850423280E-003
   6.0971805231782028E-003
   6.4901002512871035E-003
   6.5167378243466264E-003
   6.6638737919943267E-003
   6.8011089637096227E-003
   6.8554591242835613E-003
   7.4672140329936692E-003
   7.4674635684581162E-003
   7.6760655092866980E-003
   7.7135090231390041E-003
   8.0874277037936669E-003
   8.3293148530983584E-003
   8.5427078006940181E-003
   8.6017144575216767E-003
   8.8388315086215842E-003
   8.8547051627036015E-003
   9.3050263173689498E-003
   9.4467307638745335E-003
   9.9224850703751449E-003
   1.0137807627492260E-002
   1.0181382751761500E-002
   1.0201382737399140E-002
   1.0379305263151728E-002
   1.0708513444972166E-002
   1.0824912666689333E-002
   1.1431557126868757E-002
   1.1664100160053622E-002
   1.1716075288655129E-002
   1.1744707273070452E-002
   1.1771736819456390E-002
   1.2469134523771765E-002
   1.2694348157063110E-002
   1.3010737643502600E-002
   1.3128904915403906E-002
   1.3396615927068766E-002
   1.3408973903432958E-002
   1.3489113450037886E-002
   1.3530913997674728E-002
   1.4383737307675382E-002
   1.4605539364254308E-002
   1.4756187960868826E-002
   1.5012100243584257E-002
   1.5238186296307934E-002
   1.5538007131689680E-002
   1.5539972492149503E-002
   1.5814476274323992E-002
   1.6291770321122414E-002
   1.6571303817980835E-002
   1.6704748998150387E-002
   1.6908965647724580E-002
   1.7075743714378422E-002
   1.7232857550594758E-002
   1.7769008636887983E-002
   1.7923827226415143E-002
   1.8195416802176581E-002
   1.8477386268244796E-002
   1.9031796782887980E-002
   1.9310950350544493E-002
   1.9369205081214171E-002
   1.9477308853318862E-002
   1.9557160782338281E-002
   2.0211631458546125E-002
   2.0296104378291886E-002
   2.0649792206051471E-002
   2.0658127168956431E-002
   2.1173048926864835E-002
   2.1632021447532384E-002
   2.1704917861398505E-002
   2.1761696269505682E-002
   2.2467998358065469E-002
   2.2501579295394078E-002
   2.2857324291581754E-002
   2.3018920163151206E-002
   2.3715855625554168E-002
   2.3979671043906657E-002
   2.4002149982293591E-002
   2.4240604956476886E-002
   2.4389073933122035E-002
   2.4753175255875948E-002
   2.5099419651716529E-002
   2.5329601745777582E-002
   2.5690933759049378E-002
   2.5885068602769783E-002
   2.6377146409262611E-002
   2.6456458266683365E-002
   2.6896544885464817E-002
   2.7117631234839627E-002
   2.7589918366842832E-002
   2.7993353986804543E-002
   2.8133952036744025E-002
   2.8466622280591335E-002
   2.8692289009934504E-002
   2.8967966092468381E-002
   2.9133910807874804E-002
   2.9646815714642751E-002
   2.9728461367323451E-002
   3.0383634220201520E-002
   3.0773998388438653E-002
   3.0775214937368171E-002
   3.0845365644625960E-002
   3.1463674128886905E-002
   3.1506136727423507E-002
   3.1835981016481676E-002
   3.2412735079123171E-002
   3.2461183719852876E-002
   3.2619612838065387E-002
   3.3520152108191301E-002
   3.3992678369554080E-002
   3.4037333460284661E-002
   3.4883009166166080E-002
   3.4903851618185301E-002
   3.5048961276558724E-002
   3.5062407378626703E-002
   3.5091327392038268E-002
   3.5139432450657086E-002
   3.5305429775327142E-002
   3.6525435807434191E-002
   3.7036238467270555E-002
   3.7225350158272510E-002
   3.7390102868250008E-002
   3.7574283794715072E-002
   3.8141860952932614E-002
   3.8422542117528213E-002
   3.8665493474296708E-002
   3.8932601789087605E-002
   3.8989510528132383E-002
   3.9207435934850196E-002
   3.9995968440511821E-002
   4.0341210500763398E-002
   4.0379421105568677E-002
   4.0930001036596282E-002
   4.1220154769783926E-002
   4.1789121870201666E-002
   4.1794083393783633E-002
   4.2406157200138114E-002
   4.2564912441619293E-002
   4.2976331657243169E-002
   4.3343716165453849E-002
   4.3349565988114111E-002
   4.3627444720602350E-002
   4.3726787966062157E-002
   4.3787862820865837E-002
   4.4146872813893651E-002
   4.4998662463845401E-002
   4.5146451575907055E-002
   4.5283497561140383E-002
   4.6071051679513357E-002
   4.6190851393278123E-002
   4.6374922886753329E-002
   4.6986865895610963E-002
   4.7056068717763563E-002
   4.8086370615351592E-002
   4.8416112621460672E-002
   4.8427882457879330E-002
   4.8446621733553234E-002
   4.8577046148984560E-002
   4.8585512610538513E-002
   4.8592784074764105E-002
   4.9147572953052748E-002
   4.9339987084050144E-002
   4.9579028031806388E-002
   4.9935692915831137E-002
   5.0417918083322723E-002
   5.0744188567380069E-002
   5.0928020658101265E-002
   5.1035440072516279E-002
   5.1179117309943171E-002
   5.1639439483295364E-002
   5.2117571616912085E-002
   5.2652964360313852E-002
   5.3026889573068101E-002
   5.3145140393112696E-002
   5.3553560314154043E-002
   5.3638012681613431E-002
   5.4267751647133607E-002
   5.4673604894367636E-002
   5.4753758468050286E-002
   5.4889260956080141E-002
   5.5290837374081851E-002
   5.5557712697359193E-002
   5.5973658187316991E-002
   5.6497763648679193E-002
   5.6768344043482230E-002
   5.7069378975174778E-002
   5.7350101731620640E-002
   5.7498014173247090E-002
   5.7689201913492534E-002
   5.8480991519700556E-002
   5.8637392188847066E-002
   5.9332554167403358E-002
   6.0063143084259522E-002
   6.0316249001023010E-002
   6.0833798871705771E-002
   6.0903243697337510E-002
   6.0936803796223266E-002
   6.1227777528554211E-002
   6.1541550704591691E-002
   6.2322457437360562E-002
   6.3242796518770836E-002
   6.3322332684979082E-002
   6.3775195322453057E-002
   6.4233793544944823E-002
   6.4568266063782173E-002
   6.5576335705250580E-002
   6.5760650458420500E-002
   6.6374570715639986E-002
   6.6805192431152460E-002
   6.6873337770794364E-002
   6.6958737427827486E-002
   6.7130824795815905E-002
   6.7363809094425631E-002
   6.7549927822064246E-002
   6.8211616973909969E-002
   6.8731170906300709E-002
   6.8898881778662241E-002
   6.9708831174422309E-002
   7.0318825373710980E-002
   7.0417790103402586E-002
   7.0565977145091580E-002
   7.1817314961143588E-002
   7.3503544459445846E-002
   7.3559302238057955E-002
   7.3935335931849505E-002
   7.4037612325966701E-002
   7.4388201832091938E-002
   7.4590809018174886E-002
   7.6261752816442568E-002
   7.6326283431789516E-002
   7.6622864616706685E-002
   7.6667772260630845E-002
   7.6863014604409016E-002
   7.7707344660640346E-002
   7.8667095836812445E-002
   7.8807957477984178E-002
   7.9943918544272963E-002
   8.0297072149460164E-002
   8.0405278454160498E-002
   8.0537036759069286E-002
   8.0936333188564982E-002
   8.1899744371498565E-002
   8.2294730509673078E-002
   8.2728363879519026E-002
   8.3438456590475593E-002
   8.3970098667042817E-002
   8.4059798068953265E-002
   8.4354710029058935E-002
   8.5433298179992664E-002
   8.5624520310594282E-002
   8.5736962456096244E-002
   8.6366596995206366E-002
   8.7046621220780065E-002
   8.7748842771610602E-002
   8.8158781491948890E-002
   8.9525551650117496E-002
   9.1458217430518324E-002
   9.1663536117768993E-002
   9.1946893049568185E-002
   9.2039582761069091E-002
   9.2626476213838654E-002
   9.2679927413696031E-002
   9.4794673815736433E-002
   9.4812115362887139E-002
   9.5006034625177219E-002
   9.5111519892383520E-002
   9.6220481709928904E-002
   9.7238970445917200E-002
   9.7687754209668229E-002
   9.7949672031491519E-002
   9.8028447268044924E-002
   9.8336842210152556E-002
   9.8787889263310516E-002
  0.10010408288758631     
  0.10015188153304791     
  0.10035861343398635     
  0.10205670728003237     
  0.10281822870401990     
  0.10308926457585216     
  0.10343005408677297     
  0.10346372888704228     
  0.10459234414575634     
  0.10472075176591669     
  0.10588858471043218     
  0.10671367573637625     
  0.10814642491584849     
  0.10917481383635116     
  0.10935014645426192     
  0.10999552887951888     
  0.11083564064911365     
  0.11111643459950700     
  0.11142514687738479     
  0.11152918204111092     
  0.11171456325385665     
  0.11269643567919510     
  0.11466187785811936     
  0.11490270202746092     
  0.11532078776563839     
  0.11605184365209960     
  0.11625221895359117     
  0.11749034632741338     
  0.11756635957973550     
  0.11922484220478330     
  0.12053682548131975     
  0.12255843069909718     
  0.12288128893678320     
  0.12370010421277505     
  0.12470854148646243     
  0.12561157306724532     
  0.12566152242457140     
  0.12570740458843208     
  0.12580221474850053     
  0.12598078376106855     
  0.12670158591381142     
  0.12732242154414153     
  0.12780015494875199     
  0.12785416152062892     
  0.12793082094754757     
  0.12834977874884321     
  0.12922515922329800     
  0.12950416719512334     
  0.12983343834622962     
  0.13096831977250936     
  0.13182653271061387     
  0.13372765922436164     
  0.13472760080501267     
  0.13773407334444565     
  0.13868418666539770     
  0.13924768054460282     
  0.14011361354411200     
  0.14013807390687688     
  0.14123970975290226     
  0.14179797939416255     
  0.14257163129457651     
  0.14281649074618286     
  0.14387873170608584     
  0.14405873567856378     
  0.14457608262512731     
  0.14468630238303859     
  0.14518605817506125     
  0.14721202593334395     
  0.14729900231290752     
  0.14805754942350152     
  0.14929082416341075     
  0.15085631603147295     
  0.15123254547336068     
  0.15167361009291089     
  0.15326811740938129     
  0.15386934937707594     
  0.15410419968006672     
  0.15422230584654001     
  0.15469547956948623     
  0.15752687086074815     
  0.15774010434642463     
  0.15878927226280443     
  0.15891049946472421     
  0.15940220194593455     
  0.16019226649389398     
  0.16181300948972957     
  0.16189631489090842     
  0.16293999525198230     
  0.16315886094379886     
  0.16337138170731744     
  0.16431815573747768     
  0.16543994257276648     
  0.16661249509983858     
  0.16723871555396574     
  0.16916983172437797     
  0.16918455099691826     
  0.16981604501251457     
  0.16998075795772277     
  0.17057504468837276     
  0.17158756070982692     
  0.17159695777106429     
  0.17211266912855955     
  0.17386311532670970     
  0.17502301631535369     
  0.17544858990866491     
  0.17634332180044759     
  0.17879173765437251     
  0.17901949233027933     
  0.17924250704276770     
  0.18026787348380238     
  0.18125697359107604     
  0.18209392450389639     
  0.18328892799516872     
  0.18501293970211177     
  0.18598483100472638     
  0.18747134435100063     
  0.18818220060190047     
  0.18818625134146355     
  0.18909698616235665     
  0.18909735822291449     
  0.18941595377026851     
  0.18983883883678518     
  0.19057479729947321     
  0.19168870626220577     
  0.19188143693240139     
  0.19210770842027119     
  0.19291778010857974     
  0.19291976469908342     
  0.19343536177621345     
  0.19542820549495707     
  0.19564270501301798     
  0.19590188088994101     
  0.19624520542314783     
  0.19670241713003284     
  0.19743165151155218     
  0.19956572534906605     
  0.20007908634412561     
  0.20104475407703032     
  0.20158482875928382     
  0.20177235219112205     
  0.20261557903620150     
  0.20292237277441325     
  0.20428900026770511     
  0.20597168203110519     
  0.20787798099929983     
  0.20911518621719091     
  0.20975260591132575     
  0.21063867254739543     
  0.21123361056259068     
  0.21219580432768737     
  0.21281516011625057     
  0.21286746985997357     
  0.21708175487652207     
  0.21793337749840927     
  0.21922236576344803     
  0.21987498628574936     
  0.22002601963707824     
  0.22022542545865822     
  0.22103038791699089     
  0.22166238504883062     
  0.22225789290268569     
  0.22309095141715904     
  0.22400182595396909     
  0.22469156589972492     
  0.22628623802255360     
  0.22974188089589892     
  0.22975141503631458     
  0.23000036042552516     
  0.23158192228185162     
  0.23217725302569825     
  0.23366995850581726     
  0.23705412582109786     
  0.23716895058859261     
  0.23744333169131093     
  0.23820526337538683     
  0.23919773424581092     
  0.24195956642195801     
  0.24268897487644178     
  0.24309410580208482     
  0.24654867061912508     
  0.24679533546313898     
  0.24739964482308222     
  0.24819929772729710     
  0.24882731974138209     
  0.24929228378724502     
  0.24976967954258775     
  0.25009687235317379     
  0.25107945815974192     
  0.25327232346604767     
  0.25421780668051680     
  0.25479431321925977     
  0.25525855403887882     
  0.25563765139304928     
  0.25692107094301708     
  0.26018017857021281     
  0.26057362445122795     
  0.26634247148550860     
  0.26714071686036084     
  0.26714212047994562     
  0.26929744711605175     
  0.27176948740718293     
  0.27178746114717162     
  0.27438683015320403     
  0.27570629857303525     
  0.27649234848781823     
  0.27675325799251188     
  0.27875825323266928     
  0.27962430915475711     
  0.27967430077859268     
  0.28201092399694677     
  0.28389545949664552     
  0.28620853450961864     
  0.28723104125921339     
  0.28814676622460111     
  0.29065977521258352     
  0.29187255341974999     
  0.29216162205123714     
  0.29223881342795305     
  0.29446706525123917     
  0.29641174579544860     
  0.29756884694508423     
  0.29858866505583853     
  0.29870568854941704     
  0.30057623280062001     
  0.30260378924333314     
  0.30302540546793566     
  0.30566537881106720     
  0.30776910663433632     
  0.30858520468704398     
  0.31234738066942203     
  0.31304920439353756     
  0.31592904236482894     
  0.31610384073086151     
  0.31651820566096650     
  0.32014803936672598     
  0.32041865082667875     
  0.32054083981512682     
  0.32386815663664226     
  0.32672093908991789     
  0.32843113818223379     
  0.32957646477768954     
  0.32968143287048279     
  0.33020601647379527     
  0.33049273349407737     
  0.33199491334244169     
  0.33659534371373873     
  0.33968170800155562     
  0.34166570768532889     
  0.34262693143412282     
  0.34394201103456395     
  0.34656995397252965     
  0.35313478450039487     
  0.35346639937649071     
  0.35545694896263452     
  0.35605457214104341     
  0.35773651143527152     
  0.36111708569580836     
  0.36152890630679230     
  0.36170420423352845     
  0.36174087276808869     
  0.36391625969747499     
  0.36465622513358392     
  0.36606971340933203     
  0.36764606944766243     
  0.36908780551900705     
  0.37136572336757634     
  0.37146372933819588     
  0.37357903640552553     
  0.37545288775860464     
  0.38030314907474844     
  0.38042821338830390     
  0.38200800888772729     
  0.38208188176243740     
  0.38657273139094872     
  0.38908135302607882     
  0.39134257420710156     
  0.39675340147812471     
  0.39740005881216167     
  0.40133459465618782     
  0.40416722143771122     
  0.40726253977932098     
  0.41003642781454108     
  0.41234852155807511     
  0.41486015178896923     
  0.41603797489653738     
  0.41639161119012047     
  0.41827197491685614     
  0.41880006839455403     
  0.41979464344546258     
  0.42034007122809774     
  0.42199756830691743     
  0.42248035252231791     
  0.42499463101155865     
  0.42576026651494825     
  0.43119196124067583     
  0.43509688334227348     
  0.43814197182880849     
  0.44202228841403662     
  0.44237253589076442     
  0.44245883579215800     
  0.44693540681990390     
  0.44944878366904639     
  0.45106660035071428     
  0.45346710806260820     
  0.45492092848058913     
  0.45709407896395149     
  0.45972620612976511     
  0.46031461317970707     
  0.47089707274681508     
  0.47129762993089580     
  0.47239726897184464     
  0.47369739959197671     
  0.47485500107937700     
  0.47781093625255922     
  0.47887227832555390     
  0.48079361528761178     
  0.48363957356086851     
  0.48436689789503656     
  0.49051248497696059     
  0.49146918502636655     
  0.49151583663952608     
  0.50278503277559838     
  0.50319691567369051     
  0.50658988866905108     
  0.50738347865159250     
  0.50904348344975536     
  0.51391721078583252     
  0.51863168522385139     
  0.51990414531348672     
  0.52293570563149405     
  0.52496301540642132     
  0.52680708278261612     
  0.52739519651144950     
  0.52740706825185912     
  0.52927391452044381     
  0.53033015680027706     
  0.53274310182284323     
  0.53534039840142855     
  0.54253840992933966     
  0.54470061909573364     
  0.54634759857910398     
  0.55544996225254539     
  0.55554932021898862     
  0.55922326032140190     
  0.56215255800120234     
  0.56334335765550436     
  0.56859935164937503     
  0.56913065860925138     
  0.57537491428495835     
  0.57640780856732887     
  0.58025880847544453     
  0.58435636594714047     
  0.58456301512757247     
  0.58843617525655145     
  0.59110658504153224     
  0.59518281286647479     
  0.59805447408278523     
  0.60026311883857963     
  0.60422650267453437     
  0.61073366282733321     
  0.61227041180020370     
  0.61600166805100409     
  0.62035950814893503     
  0.62145145721964334     
  0.62263018644055279     
  0.62592963964947912     
  0.62892963856614892     
  0.63112611997046375     
  0.63512307898939768     
  0.63908828926413519     
  0.64414869413513764     
  0.64860594258289972     
  0.65098334813592829     
  0.65262406940131146     
  0.65276993923451820     
  0.65385391213107713     
  0.65446902276123631     
  0.65587161810561134     
  0.66108203254349662     
  0.67844905405424716     
  0.68277849282691083     
  0.68642533495672564     
  0.68923301114276558     
  0.69236704381845848     
  0.69925606692715236     
  0.70048690918614909     
  0.70279915395643233     
  0.70563743913554755     
  0.71017801259421232     
  0.71375007504241172     
  0.71587759745112067     
  0.72243048926779463     
  0.72293690796506715     
  0.72412931143853121     
  0.72483842102460250     
  0.72799043262449259     
  0.73269681367227857     
  0.73535586555415466     
  0.74013870294091721     
  0.74157260928703939     
  0.74303599540860377     
  0.74665167686411116     
  0.75717525937141117     
  0.77215386901700389     
  0.77240374744226836     
  0.77325314480621687     
  0.78565690124804566     
  0.78992476459112249     
  0.79052249952850084     
  0.79156520596327662     
  0.79195263339550925     
  0.79578098468465319     
  0.79800504039878806     
  0.79817420197308997     
  0.80975181767584259     
  0.81699629271331808     
  0.82860647404267540     
  0.82899986598164288     
  0.82984152016422730     
  0.83136047037650074     
  0.83189327618574260     
  0.83445851026165951     
  0.84302675936556071     
  0.84822599657386566     
  0.85155607070778849     
  0.85797520129753235     
  0.86092207951852917     
  0.86787734415683659     
  0.86844952134111408     
  0.87293270853130656     
  0.87394476560592305     
  0.88220809155173019     
  0.89545677207919017     
  0.89693327052385818     
  0.89806499570570997     
  0.90111681725263915     
  0.91827885756589211     
  0.92076372413122498     
  0.92875271578403684     
  0.92907959397680073     
  0.93008838745969080     
  0.93132834645873319     
  0.94445855456850214     
  0.94570632729661375     
  0.95051972891376801     
  0.95082945182504386     
  0.95447079975990556     
  0.95580008657415449     
  0.96691773349351551     
  0.96926751737667038     
  0.97670051001830205     
  0.97886787789928442     
  0.98659319136268731     
  0.99807711820427880     
   1.0017179158165634     
   1.0105523977688597     
   1.0149152079677899     
   1.0237045385792414     
   1.0255572109640578     
   1.0268842941145675     
   1.0308748913830050     
   1.0354820946331980     
   1.0395472058881607     
   1.0401312124486624     
   1.0551000182913675     
   1.0627569958480765     
   1.0638542193639828     
   1.0754660345297613     
   1.0789607255743217     
   1.0801800683464704     
   1.0984569960950481     
   1.1019487296238504     
   1.1095706192531041     
   1.1101692192896808     
   1.1112609645171168     
   1.1114718850337717     
   1.1230642208101711     
   1.1262109444678847     
   1.1263628311366147     
   1.1362856478342815     
   1.1379231503022629     
   1.1519289595016373     
   1.1540939631097580     
   1.1745713674333260     
   1.1813863140139909     
   1.1845501344577252     
   1.1854363996876045     
   1.1872568894999111     
   1.2051593334328397     
   1.2086295522497088     
   1.2154783487935488     
   1.2166905068405169     
   1.2251239810883754     
   1.2360445586430489     
   1.2373958516556369     
   1.2435853585138292     
   1.2441530830025354     
   1.2485502220237328     
   1.2542799857043385     
   1.2721043237113694     
   1.2839413047331032     
   1.2845839449612586     
   1.2848992786866411     
   1.2979697087486672     
   1.3056296274492623     
   1.3057306091124183     
   1.3078283151004877     
   1.3233178549633617     
   1.3414248266151954     
   1.3531656664398972     
   1.3547735250097290     
   1.3600619170775348     
   1.3661737774602225     
   1.3733486066084810     
   1.3776966454763022     
   1.3881278301401190     
   1.3916354718467123     
   1.3916756157956911     
   1.3928650064910182     
   1.4011784912759384     
   1.4116977001889659     
   1.4175632963190066     
   1.4303219905785629     
   1.4589603516515786     
   1.4610378322158604     
   1.4618787258525843     
   1.4734459459760902     
   1.4895988844559764     
   1.4935215153593708     
   1.4936812904331989     
   1.4941321993804606     
   1.4957671482324735     
   1.5149077155527106     
   1.5210759174812880     
   1.5251132115041226     
   1.5364653816130343     
   1.5495633779578073     
   1.5503349578467529     
   1.5687409127299956     
   1.5761729349468212     
   1.5812759791556270     
   1.5877691507842253     
   1.5978814010652498     
   1.6136833470163359     
   1.6186932405695662     
   1.6358635305563789     
   1.6365977896259603     
   1.6366150988910024     
   1.6629638531603710     
   1.6635427670380218     
   1.6721269415527682     
   1.6795814439484034     
   1.6803736375098637     
   1.6810612989229641     
   1.6913899387562070     
   1.7310916826560749     
   1.7316423324918648     
   1.7371527920141054     
   1.7444558462856155     
   1.7562503774207516     
   1.7679040293450099     
   1.7703756789470335     
   1.7722402612726322     
   1.8022270275142889     
   1.8024969287839943     
   1.8028590077017412     
   1.8204610340345766     
   1.8457641882074629     
   1.8467746095341631     
   1.8469543947381915     
   1.8577768006866269     
   1.8618323426219652     
   1.8719939974580679     
   1.9019367232955651     
   1.9087891358546270     
   1.9162422425617924     
   1.9341179874131815     
   1.9423670740419314     
   1.9448932976512534     
   1.9536863988591811     
   1.9542152851382666     
   1.9750105122945392     
   1.9819862726193780     
   2.0073961649164214     
   2.0180517292116855     
   2.0219571160752201     
   2.0290208830310723     
   2.0551690048524902     
   2.0561691564601126     
   2.0769724188867262     
   2.0799423428944248     
   2.0843746267404009     
   2.0969510828126672     
   2.1053438286575341     
   2.1293832083737021     
   2.1468551875348973     
   2.1654129261855264     
   2.1699115598423493     
   2.1758292672677166     
   2.1773637445962408     
   2.1873214609108347     
   2.2214910211185708     
   2.2276105474803840     
   2.2425586809248594     
   2.2590792270824629     
   2.2592667038400931     
   2.2819354292854079     
   2.2958649864826755     
   2.2959280151815595     
   2.3285550182820098     
   2.3347116192877779     
   2.3505029261335344     
   2.3583330311516302     
   2.3839054830741109     
   2.3902740470907360     
   2.4144576110338622     
   2.4242417839839128     
   2.4487690160257376     
