   13.745912621390248      -0.81676544513479388      -0.28788143861268112     
   8.2996152111749169       0.54473252602404076        1.2092612269243093     
   2.5132727322169588        1.7172280778081945       -1.0951806761777110     
   18.704491595518721      -0.10791578000445043       0.34970181147452783     
   1.3958831787068606      -0.43431117133435543       -2.2662267577703910     
   12.583217089486498       0.96222322592920828        2.9378775758479657E-002
   15.970305890102379       0.20709265558863066      -0.63805559862115024     
   5.8954714451558763       -1.3915373488881091       0.71184221897010103     
   8.2996152111749169       -1.2092612269243093      -0.54473252602404076     
   13.745912621390248       0.28788143861268112       0.81676544513479388     
   2.5132727322169588        1.0951806761777110       -1.7172280778081945     
   18.704491595518721      -0.34970181147452783       0.10791578000445043     
   12.583217089486498       -2.9378775758479657E-002 -0.96222322592920828     
   1.3958831787068606        2.2662267577703910       0.43431117133435543     
   15.970305890102379       0.63805559862115024      -0.20709265558863066     
   5.8954714451558763      -0.71184221897010103        1.3915373488881091     
   5.9259291160913916      -0.93156286129206212       -1.2509916895926119     
   17.391972150992380       0.45593392625725415       0.26752821112596586     
   6.5728252453218019        1.4450725463548901      -0.37059729965877147     
   11.203575937224945      -0.18712516446426808        1.0601805058712690     
   17.430299250095352      -0.52215488989903391       -4.8977157257971540E-002
   1.6655247519261764       0.84441510820988785        2.0635278510199324     
   15.116369967736558       0.12763541988564542      -0.73730402538029449     
   4.3347983085843023       -1.6373253448696368       0.61423130530079673     
   3.8728257851557051       -1.8098921967095116       -8.8238019742662877E-002
   3.8728257851557051        8.8238019742662877E-002   1.8098921967095116     
   10.719497208334809       0.78972654838168621      -0.78972654838168621     
   14.491646024992624      -0.56759133746482249       0.56759133746482249     
   7.9234920456304714      -0.22714306605078619       -1.3417177526009254     
   7.9234920456304714        1.3417177526009254       0.22714306605078619     
   16.865235674557230       0.41288961110366024      -0.41288961110366024     
   7.4488686059317191      -0.99381593752102004       0.99381593752102004     
   8.8257378032950360      -0.76325307051104541       -1.0264330914717754     
   15.557485889130195       0.59075067304524642       0.39165588021994097     
   3.0629024199948902        1.9213507300586041      -0.24728521961498032     
   8.6264945805377060       -6.8594370648713196E-002   1.2950223527848903     
   15.557485889130195      -0.39165588021994097      -0.59075067304524642     
   8.8257378032950360        1.0264330914717754       0.76325307051104541     
   3.0629024199948902       0.24728521961498032       -1.9213507300586041     
   8.6264945805377060       -1.2950223527848903        6.8594370648713196E-002
   1.8942378943955374       -1.5031029082953518       -1.5666885497718896     
   19.509175825848203       0.16723201005459923       0.14740482282139250     
   11.754449069775632       0.90175414539616139      -0.49984035656528719     
   12.191926379998851      -0.47777200004491188       0.87272592605055010     
   19.509175825848203      -0.14740482282139250      -0.16723201005459923     
   1.8942378943955374        1.5666885497718896        1.5031029082953518     
   11.754449069775632       0.49984035656528719      -0.90175414539616139     
   12.191926379998851      -0.87272592605055010       0.47777200004491188     
   9.9880846007295148       -1.1315765766467492      -0.32895791988432843     
   9.9880846007295148       0.32895791988432843        1.1315765766467492     
   5.0932511976352828        1.1695366196628820       -1.1695366196628820     
   18.185956781993745      -0.30835463787148654       0.30835463787148654     
   12.686975939071758      -0.66224770183127379      -0.68683376971361421     
   12.686975939071758       0.68683376971361421       0.66224770183127379     
   19.998082554654221        9.7916731628730404E-003  -9.7916731628730404E-003
   1.6903639055674047E-002  -2.6600674098693244        2.6600674098693244     
  0.83464793112852731       -2.5205021609379830       -4.8957779069532656E-003
  0.31104433043198981        1.4687803136415550E-002   2.8856348497869693     
   12.477600863484575       0.69304511999317775      -0.68064880580598741     
   12.898445393625854      -0.65616380006624109       0.66835621537003087     
   9.7482495322360734      -0.30322454454059899       -1.1598896306217659     
   9.4993804039200036        1.1792936964843548       0.31349285934638788     
   17.948191581656030       0.33413028967604103      -0.32379433594685969     
   5.5570646104486503       -1.1223380315269844        1.1409127258121816     
   9.2176090518880507      -0.86558327107439703      -0.89442651118394434     
   15.662144754342295       0.50539526811921298       0.48326689594340572     
   5.6330310543658202        1.5836154391198847      -0.16226935146016438     
   6.2511893859810623      -0.14245737071456796        1.5184291059633568     
   15.832044093838968      -0.47229149228228701      -0.49430082603191045     
   8.9831386620460218       0.90913052147860363       0.87991338532049790     
   5.9259889497540774       0.17219879068703761       -1.5501990048719601     
   6.5330426106696438       -1.4881218615390572       0.15235588565833344     
   1.4671359203648460       -1.2837805063025141       -1.8912291942464952     
   19.321031110718959       0.25233615226275158        7.3502506138756599E-002
   9.8679900551356283        1.0347595090158870      -0.58493155484593951     
   13.801500958203825      -0.38637529589057534       0.76982074222617147     
   19.382371140950841       -6.3687887040577429E-002 -0.24224058786007688     
   1.2644225773980533        1.9533236628125434        1.3064302892137283     
   9.9684997886016102       0.59658986452960472       -1.0181772343066413     
   13.882616780634793      -0.75671815738283887       0.39694740841589526     
   11.322048818765237      -0.98582553033825715      -0.40756407585926058     
   11.093988180482196       0.41822688233570959        1.0018703057429204     
   3.3039526798020411        1.3538592654457522       -1.3297708710713878     
   18.993783875615900      -0.22212221159305456       0.23216965313014351     
   12.569911486853682      -0.56184923940970832      -0.78305684172049017     
   12.356895774975687       0.79643157249787278       0.57335221134016856     
   19.844402577601315        9.3153960186684079E-002  -8.3324210793017300E-002
  0.75375066346898589       -1.7852624492137268        1.8356714945679304     
   4.1297227687810194       -1.6189001060553949      -0.73089427189460521     
   16.356884094098820       0.13257279453794049       0.62015424918174322     
   13.905653353471116       0.85142873932889507       -4.4076092141996322E-002
   1.9031952568840715      -0.51655227051308061        2.1065540399637630     
   18.400914749605867      -0.18214523716294090      -0.36535859593478509     
   3.8963380757141501        1.4591229912219938        1.0688079010762397     
   8.3316242315691564       0.46137268904458251       -1.2403559743088033     
   12.574313294886515      -0.92403377019768917       0.27260580911991661     
   15.277968373733756      -0.70554886121479266      -0.20209334827743244     
   6.0614286356063882       0.64406815669390671        1.4045460886518637     
  0.82991280065675554        2.3352329872834745      -0.95447405859547263     
   18.151726496369079       -2.4481236927648975E-002  0.43969745989592562     
   4.4718675188796766      -0.34450206388186400       -1.6962224657810994     
   10.802743432620494        1.1041427016709595       0.11284145795112725     
   16.568728257341480       0.29298810282592408      -0.53906248352111918     
   6.9418986066595245       -1.1991522503705683       0.82361872516222778     
   6.3311955499899000       -1.3787599201130398      -0.63206601889373426     
   15.110048446089229       0.21209714418219777       0.71816389739725817     
   1.0950123037838677       0.97003060959698317       -2.2065751662877053     
   18.231505098549945      -0.42893745374117576        3.4277019372729207E-002
   11.027569117245353      -0.10299271897307251       -1.0863057606210993     
   4.1398360777472734        1.7390199315433419       0.35491103137319124     
   16.514985887003174       0.55042013576353299      -0.28278227080530211     
   6.8492428178433649      -0.80995031347556845        1.2194953134646398     
   4.1307366368738672       -1.0516313086443445       -1.4313017259725755     
   18.295388203191148       0.37584619391490653       0.19210973677085269     
   8.1516507578234396        1.2617708293751948      -0.45050861680505849     
   12.432245143387643      -0.26245750123305528       0.93914513405053568     
   16.496890273862824      -0.60832983154178422      -0.12270115475201243     
   3.8476025297988836       0.74374421515837374        1.6563238270136800     
   14.064101832593972        5.3879399119211115E-002 -0.83744277076835716     
   2.2437400151890206       -2.0240135772622185       0.52777394762070551     
   1.4671359203648460       -1.8912291942464952       -1.2837805063025141     
   19.321031110718959        7.3502506138756599E-002  0.25233615226275158     
   13.801500958203825       0.76982074222617147      -0.38637529589057534     
   9.8679900551356283      -0.58493155484593951        1.0347595090158870     
   19.382371140950841      -0.24224058786007688       -6.3687887040577429E-002
   1.2644225773980533        1.3064302892137283        1.9533236628125434     
   13.882616780634793       0.39694740841589526      -0.75671815738283887     
   9.9684997886016102       -1.0181772343066413       0.59658986452960472     
   12.569911486853682      -0.78305684172049017      -0.56184923940970832     
   12.356895774975687       0.57335221134016856       0.79643157249787278     
  0.75375066346898589        1.8356714945679304       -1.7852624492137268     
   19.844402577601315       -8.3324210793017300E-002   9.3153960186684079E-002
   11.322048818765237      -0.40756407585926058      -0.98582553033825715     
   11.093988180482196        1.0018703057429204       0.41822688233570959     
   18.993783875615900       0.23216965313014351      -0.22212221159305456     
   3.3039526798020411       -1.3297708710713878        1.3538592654457522     
   9.7482495322360734       -1.1598896306217659      -0.30322454454059899     
   9.4993804039200036       0.31349285934638788        1.1792936964843548     
   5.5570646104486503        1.1409127258121816       -1.1223380315269844     
   17.948191581656030      -0.32379433594685969       0.33413028967604103     
  0.83464793112852731       -4.8957779069532656E-003  -2.5205021609379830     
  0.31104433043198981        2.8856348497869693        1.4687803136415550E-002
   12.898445393625854       0.66835621537003087      -0.65616380006624109     
   12.477600863484575      -0.68064880580598741       0.69304511999317775     
   9.2176090518880507      -0.89442651118394434      -0.86558327107439703     
   15.662144754342295       0.48326689594340572       0.50539526811921298     
   6.2511893859810623        1.5184291059633568      -0.14245737071456796     
   5.6330310543658202      -0.16226935146016438        1.5836154391198847     
   15.832044093838968      -0.49430082603191045      -0.47229149228228701     
   8.9831386620460218       0.87991338532049790       0.90913052147860363     
   6.5330426106696438       0.15235588565833344       -1.4881218615390572     
   5.9259889497540774       -1.5501990048719601       0.17219879068703761     
   4.4718675188796766       -1.6962224657810994      -0.34450206388186400     
   10.802743432620494       0.11284145795112725        1.1041427016709595     
   6.9418986066595245       0.82361872516222778       -1.1991522503705683     
   16.568728257341480      -0.53906248352111918       0.29298810282592408     
   15.277968373733756      -0.20209334827743244      -0.70554886121479266     
   6.0614286356063882        1.4045460886518637       0.64406815669390671     
   18.151726496369079       0.43969745989592562       -2.4481236927648975E-002
  0.82991280065675554      -0.95447405859547263        2.3352329872834745     
   4.1297227687810194      -0.73089427189460521       -1.6189001060553949     
   16.356884094098820       0.62015424918174322       0.13257279453794049     
   1.9031952568840715        2.1065540399637630      -0.51655227051308061     
   13.905653353471116       -4.4076092141996322E-002  0.85142873932889507     
   18.400914749605867      -0.36535859593478509      -0.18214523716294090     
   3.8963380757141501        1.0688079010762397        1.4591229912219938     
   12.574313294886515       0.27260580911991661      -0.92403377019768917     
   8.3316242315691564       -1.2403559743088033       0.46137268904458251     
   4.1307366368738672       -1.4313017259725755       -1.0516313086443445     
   18.295388203191148       0.19210973677085269       0.37584619391490653     
   12.432245143387643       0.93914513405053568      -0.26245750123305528     
   8.1516507578234396      -0.45050861680505849        1.2617708293751948     
   16.496890273862824      -0.12270115475201243      -0.60832983154178422     
   3.8476025297988836        1.6563238270136800       0.74374421515837374     
   2.2437400151890206       0.52777394762070551       -2.0240135772622185     
   14.064101832593972      -0.83744277076835716        5.3879399119211115E-002
   11.027569117245353       -1.0863057606210993      -0.10299271897307251     
   4.1398360777472734       0.35491103137319124        1.7390199315433419     
   6.8492428178433649        1.2194953134646398      -0.80995031347556845     
   16.514985887003174      -0.28278227080530211       0.55042013576353299     
   6.3311955499899000      -0.63206601889373426       -1.3787599201130398     
   15.110048446089229       0.71816389739725817       0.21209714418219777     
   18.231505098549945        3.4277019372729207E-002 -0.42893745374117576     
   1.0950123037838677       -2.2065751662877053       0.97003060959698317     
  0.81758208564876311       -2.3352329872834745      -0.97003060959698317     
   18.236752726696007        2.4481236927648975E-002  0.42893745374117576     
   15.246349181948073       0.70554886121479266      -0.21209714418219777     
   6.2828953653259765      -0.64406815669390671        1.3787599201130398     
   16.466534290059659      -0.29298810282592408      -0.55042013576353299     
   7.0198332108690646        1.1991522503705683       0.80995031347556845     
   4.1549328893336748       0.34450206388186400       -1.7390199315433419     
   10.814231202404802       -1.1041427016709595       0.10299271897307251     
   13.898978241814286      -0.85142873932889507       -5.3879399119211115E-002
   2.2569259065278975       0.51655227051308061        2.0240135772622185     
   4.0907804383337574        1.6189001060553949      -0.74374421515837374     
   16.476117508610795      -0.13257279453794049       0.60832983154178422     
   8.1113724367675619      -0.46137268904458251       -1.2617708293751948     
   12.608498860882174       0.92403377019768917       0.26245750123305528     
   18.329534190241425       0.18214523716294090      -0.37584619391490653     
   3.9679441615642110       -1.4591229912219938        1.0516313086443445     
