0	0	0	0
1	1.0000386180665342	1.0	3.8618066534157336e-05
2	2.000272315213895	2.0	0.0002723152138948137
3	2.00033579767826	2.0	0.0003357976782600858
4	3.000567478982302	3.0	0.0005674789823020276
5	3.001398299093798	3.0	0.0013982990937981832
6	3.0021257893695146	3.0	0.0021257893695145746
7	4.001308968491676	4.0	0.0013089684916760547
8	4.001366148629275	4.0	0.001366148629275088
9	4.0068214628879355	4.0	0.006821462887935503
10	4.008265483469227	4.0	0.008265483469227064
11	5.001027556711454	5.0	0.0010275567114543804
12	5.003262245943003	5.0	0.0032622459430031725
13	5.0067941334043855	5.0	0.006794133404385505
14	5.018071451982856	5.0	0.018071451982856424
15	5.029474935283947	5.0	0.029474935283946735
16	6.001868349583825	6.0	0.0018683495838249797
17	6.007792841393493	6.0	0.0077928413934929
18	6.011633940756311	6.0	0.011633940756310857
19	6.022392447148503	6.0	0.02239244714850308
20	6.049947121783661	6.0	0.0499471217836609
21	6.080450279814761	6.0	0.0804502798147606
22	7.014134309185408	7.0	0.014134309185408256
23	7.018485922049606	7.0	0.01848592204960564
24	7.027562563952724	7.0	0.02756256395272416
25	7.045074731919449	7.0	0.04507473191944911
26	7.067198985606227	7.0	0.06719898560622717
27	7.125847094396221	7.0	0.12584709439622088
28	7.226336701177908	7.0	0.2263367011779076
29	8.040768045463873	8.0	0.04076804546387258
30	8.048216503532693	8.0	0.04821650353269291
31	8.052654056777977	8.0	0.05265405677797652
32	8.098492989600112	8.0	0.09849298960011232
33	8.113988108354805	8.0	0.1139881083548051
34	8.204415374630852	8.0	0.2044153746308517
35	8.343077365668025	8.0	0.3430773656680248
36	8.57661003413938	8.0	0.5766100341393798
37	9.034741156412304	9.0	0.03474115641230391
38	9.088932671887981	9.0	0.08893267188798148
39	9.107169440556802	9.0	0.10716944055680244
40	9.136279079470409	9.0	0.13627907947040896
41	9.306124460043332	9.0	0.30612446004333194
42	9.421856374790591	9.0	0.42185637479059146
43	9.575600842748605	9.0	0.5756008427486048
44	9.95159062195737	9.0	0.9515906219573704
45	10.008845210942145	9.0	1.0088452109421446
46	10.11508570985273	10.0	0.11508570985273003
47	10.196095404899296	10.0	0.196095404899296
48	10.367470083655306	10.0	0.36747008365530576
49	10.534092701866072	10.0	0.5340927018660722
50	10.671848034859195	10.0	0.6718480348591953
51	10.750167333050623	10.0	0.7501673330506229
52	10.970393173051626	10.0	0.970393173051626
53	11.371954704546177	10.0	1.3719547045461766
54	11.447225351365885	10.0	1.4472253513658853
55	11.647081344467585	10.0	1.6470813444675851
56	11.75921682822994	11.0	0.7592168282299401
57	11.939762377496269	11.0	0.9397623774962689
58	12.004287311222011	11.0	1.0042873112220114
59	12.459565247840306	11.0	1.459565247840306
60	12.563253663203733	11.0	1.5632536632037333
61	12.716290056738385	11.0	1.7162900567383854
62	12.806368593742027	11.0	1.806368593742027
63	13.245675866373546	11.0	2.2456758663735457
64	13.367297612410518	11.0	2.3672976124105176
65	13.470476285520887	11.0	2.4704762855208866
66	13.510403410653394	11.0	2.510403410653394
67	13.87344866148449	12.0	1.87344866148449
68	14.063119152134199	12.0	2.063119152134199
69	14.300196850865145	12.0	2.300196850865145
70	14.515149606643716	12.0	2.515149606643716
71	14.868845569938975	12.0	2.8688455699389745
72	15.090493754107122	12.0	3.090493754107122
73	15.353232818423223	12.0	3.3532328184232227
74	15.618097006883568	12.0	3.618097006883568
75	15.834127408189945	12.0	3.8341274081899446
76	15.96202111679367	12.0	3.96202111679367
77	16.183248663685028	12.0	4.183248663685028
78	16.626929735151617	12.0	4.6269297351516165
79	17.02196792042943	13.0	4.021967920429429
80	17.184023055113457	13.0	4.184023055113457
81	17.282545297135318	13.0	4.282545297135318
82	17.69734690400795	13.0	4.697346904007951
83	17.864251195226682	13.0	4.864251195226682
84	18.342718258456227	13.0	5.342718258456227
85	18.643108227870968	13.0	5.643108227870968
86	18.81402924734418	13.0	5.81402924734418
87	19.422572773899738	13.0	6.422572773899738
88	19.60525644874136	13.0	6.605256448741361
89	19.885390213679816	13.0	6.885390213679816
90	20.19755389455845	13.0	7.19755389455845
91	20.622256303508447	13.0	7.622256303508447
92	21.03983825946901	14.0	7.039838259469011
93	21.148599989295484	14.0	7.148599989295484
94	21.68875367268567	14.0	7.688753672685671
95	22.028339640150303	14.0	8.028339640150303
96	22.37447053495105	14.0	8.374470534951051
97	22.991236752102147	14.0	8.991236752102147
98	23.43610135935675	14.0	9.436101359356751
99	23.588622709858374	14.0	9.588622709858374
100	23.986052782382842	14.0	9.986052782382842
101	24.376878815792036	14.0	10.376878815792036
102	24.719776104935328	14.0	10.719776104935328
103	25.154568812915727	14.0	11.154568812915727
104	25.463916218395024	14.0	11.463916218395024
105	25.543399785534202	14.0	11.543399785534202
106	26.35709396414508	15.0	11.35709396414508
107	26.974122498395108	15.0	11.974122498395108
108	27.514416494859727	15.0	12.514416494859727
109	27.692397816257248	15.0	12.692397816257248
110	28.329812671776605	15.0	13.329812671776605
111	28.63640097668492	15.0	13.636400976684921
112	29.11169622961623	15.0	14.111696229616228
113	29.229852200703586	15.0	14.229852200703586
114	29.79917074301013	15.0	14.79917074301013
115	30.22566020994025	15.0	15.225660209940251
116	30.772183918902346	15.0	15.772183918902346
117	31.421710862192892	15.0	16.421710862192892
118	31.612816417335377	15.0	16.612816417335377
119	32.193700686746894	15.0	17.193700686746894
120	33.297770671265155	15.0	18.297770671265155
121	33.449213958359344	16.0	17.449213958359344
122	33.93507258874911	16.0	17.935072588749108
123	34.28764507731551	16.0	18.28764507731551
124	34.74034556153373	16.0	18.74034556153373
125	35.409970955398826	16.0	19.409970955398826
126	35.86230982246341	16.0	19.86230982246341
127	36.11930669315473	16.0	20.119306693154734
128	36.39232824782329	16.0	20.392328247823293
129	37.280261216005	16.0	21.280261216005
130	37.91891735063956	16.0	21.91891735063956
131	38.77596609059476	16.0	22.775966090594757
132	39.27822150670286	16.0	23.278221506702863
133	39.5752443849953	16.0	23.5752443849953
134	40.13689957036701	16.0	24.136899570367007
135	40.24475052856175	16.0	24.244750528561752
136	40.54916874385832	16.0	24.549168743858317
137	41.64272394580181	17.0	24.642723945801812
138	41.94528216189733	17.0	24.94528216189733
139	43.44820892287146	17.0	26.44820892287146
140	43.82472617368696	17.0	26.82472617368696
141	44.191689066565374	17.0	27.191689066565374
142	44.6372854995357	17.0	27.6372854995357
143	44.90857279616578	17.0	27.908572796165778
144	46.3542224342229	17.0	29.354222434222898
145	46.830490306550075	17.0	29.830490306550075
146	47.80410347388794	17.0	30.804103473887942
147	48.43923588939939	17.0	31.43923588939939
148	48.92602740941074	17.0	31.926027409410743
149	49.817248211811076	17.0	32.817248211811076
150	51.06233358749618	17.0	34.06233358749618
151	51.757689456368844	17.0	34.757689456368844
152	52.24433221888301	17.0	35.24433221888301
153	52.615741479302244	17.0	35.615741479302244
154	52.742940883135645	18.0	34.742940883135645
155	53.04044630412565	18.0	35.04044630412565
156	54.62479271375742	18.0	36.62479271375742
157	55.44836961847179	18.0	37.44836961847179
158	56.365178075275885	18.0	38.365178075275885
159	57.20181261053093	18.0	39.20181261053093
160	58.02735040578854	18.0	40.02735040578854
161	58.844506380966216	18.0	40.844506380966216
162	59.20821042227459	18.0	41.20821042227459
163	60.1722755297612	18.0	42.1722755297612
164	61.922889821876154	18.0	43.922889821876154
165	62.09985832918968	18.0	44.09985832918968
166	63.17890535260143	18.0	45.17890535260143
167	64.09851601869512	18.0	46.09851601869512
168	64.93139865026039	18.0	46.93139865026039
169	66.2102037954187	18.0	48.21020379541871
170	66.94978969833994	18.0	48.94978969833994
171	67.54728071510218	18.0	49.547280715102175
172	68.95706253051783	19.0	49.95706253051783
173	70.08889154793633	19.0	51.08889154793633
174	71.63644138570344	19.0	52.636441385703435
175	73.00384529312558	19.0	54.00384529312558
176	74.22280008087901	19.0	55.22280008087901
177	74.7975678971316	19.0	55.7975678971316
178	76.96765632569912	19.0	57.967656325699124
179	77.08422110769581	19.0	58.08422110769581
180	78.53072028787652	19.0	59.53072028787652
181	79.45514604273687	19.0	60.45514604273687
182	81.01776865497679	19.0	62.01776865497679
183	84.56384591170206	19.0	65.56384591170206
184	84.93478395277816	19.0	65.93478395277816
185	86.15213960191133	19.0	67.15213960191133
186	87.60106914779536	19.0	68.60106914779536
187	89.79224115612827	19.0	70.79224115612827
188	90.17867597711486	19.0	71.17867597711486
189	91.33827059552229	19.0	72.33827059552229
190	95.37572694145788	19.0	76.37572694145788
191	96.29821458296112	20.0	76.29821458296112
192	99.07886381954464	20.0	79.07886381954464
193	101.41817444068215	20.0	81.41817444068215
194	103.85897556561513	20.0	83.85897556561513
195	105.8196566009286	20.0	85.8196566009286
196	106.92034821531695	20.0	86.92034821531695
197	110.24276354826763	20.0	90.24276354826763
198	115.34589718827884	20.0	95.34589718827884
199	120.77794472084206	20.0	100.77794472084206
200	122.81828788435426	20.0	102.81828788435426
