0	0	0	0
1	0.9996400861438643	1.0	0.00035991385613565186
2	1.999640077091022	2.0	0.00035992290897790546
3	1.9996400771094165	2.0	0.00035992289058350835
4	2.420635442562	3.0	0.5793645574380002
5	2.999640072134104	3.0	0.0003599278658961147
6	2.9996467972622667	3.0	0.0003532027377333158
7	2.999646798088336	4.0	1.0003532019116639
8	3.999641257873947	4.0	0.00035874212605291333
9	3.9996412614763384	4.0	0.00035873852366163916
10	3.9996467503805087	4.0	0.00035324961949134703
11	3.999646750720225	5.0	1.000353249279775
12	4.67802569820342	5.0	0.3219743017965797
13	4.6784007527201	5.0	0.32159924727989964
14	4.999641238793701	5.0	0.0003587612062991852
15	4.999641385988932	5.0	0.0003586140110680702
16	4.999653540270624	6.0	1.0003464597293759
17	5.000240176884582	6.0	0.9997598231154177
18	5.000240205071528	6.0	0.9997597949284716
19	5.999653002123794	6.0	0.0003469978762060677
20	5.99965300648179	6.0	0.00034699351821032565
21	5.999824221142097	6.0	0.00017577885790309722
22	5.999824377870687	7.0	1.000175622129313
23	6.000241659245269	7.0	0.999758340754731
24	6.00024168710815	7.0	0.9997583128918501
25	6.6383137846831355	7.0	0.3616862153168645
26	6.999604127895378	7.0	0.00039587210462244116
27	6.999806662941688	7.0	0.00019333705831225956
28	6.9998485345742205	7.0	0.00015146542577948452
29	7.000214610393416	8.0	0.9997853896065836
30	7.00024737897341	8.0	0.9997526210265901
31	7.014878927137921	8.0	0.9851210728620794
32	7.014880329271656	8.0	0.985119670728344
33	7.9998637872634095	8.0	0.00013621273659047972
34	7.999865358015522	8.0	0.00013464198447810105
35	8.000324633786908	8.0	0.0003246337869082794
36	8.000329475788286	8.0	0.0003294757882859045
37	8.003608756105695	9.0	0.9963912438943048
38	8.0064576199688	9.0	0.9935423800312009
39	8.006459536887958	9.0	0.9935404631120424
40	8.014887093420425	9.0	0.985112906579575
41	8.014887420946923	9.0	0.9851125790530766
42	8.02435854863359	9.0	0.9756414513664105
43	8.999928835899633	9.0	7.116410036722698e-05
44	9.002111345641756	9.0	0.0021113456417563015
45	9.002501900148362	9.0	0.002501900148361713
46	9.006534912823053	10.0	0.993465087176947
47	9.006976939875374	10.0	0.9930230601246262
48	9.014902906958447	10.0	0.9850970930415528
49	9.015692281464318	10.0	0.9843077185356819
50	9.139445394045836	10.0	0.8605546059541638
51	9.139454850021519	10.0	0.8605451499784813
52	9.986439694845313	10.0	0.013560305154687313
53	9.986545796003368	10.0	0.01345420399663233
54	10.003020872254194	10.0	0.003020872254193563
55	10.003024431066915	10.0	0.0030244310669154117
56	10.01504183579655	11.0	0.9849581642034497
57	10.015042898441104	11.0	0.984957101558896
58	10.082165615441594	11.0	0.9178343845584056
59	10.082198422025835	11.0	0.9178015779741653
60	10.107823916009613	11.0	0.8921760839903872
61	10.108387555611554	11.0	0.8916124443884463
62	10.140046319580977	11.0	0.8599536804190233
63	10.140059920673831	11.0	0.8599400793261687
64	11.00306181792766	11.0	0.0030618179276604707
65	11.007667373624306	11.0	0.007667373624306251
66	11.015514285326434	11.0	0.015514285326434063
67	11.022566627227613	12.0	0.9774333727723867
68	11.027497729986555	12.0	0.9725022700134449
69	11.083643677928192	12.0	0.9163563220718078
70	11.083874247032345	12.0	0.9161257529676554
71	11.139479219752959	12.0	0.8605207802470414
72	11.140694775820146	12.0	0.8593052241798542
73	11.591413798831846	12.0	0.4085862011681538
74	11.591436779442468	12.0	0.40856322055753225
75	11.99970702759193	12.0	0.00029297240807046876
76	11.999739997158082	12.0	0.00026000284191773915
77	12.016615415339574	12.0	0.016615415339574113
78	12.016619921069738	12.0	0.016619921069738197
79	12.087273906724546	13.0	0.9127260932754542
80	12.087285943937829	13.0	0.9127140560621712
81	12.13774129059674	13.0	0.8622587094032603
82	12.137746628212886	13.0	0.8622533717871139
83	12.432239596047792	13.0	0.5677604039522084
84	12.432266466993882	13.0	0.567733533006118
85	12.59127070314296	13.0	0.4087292968570395
86	12.591292840635642	13.0	0.40870715936435786
87	13.002903065848392	13.0	0.002903065848391506
88	13.056199601002989	13.0	0.05619960100298904
89	13.05992882652208	13.0	0.059928826522080314
90	13.076585548099176	13.0	0.07658554809917639
91	13.102458629329155	13.0	0.1024586293291545
92	13.134360390278252	14.0	0.8656396097217485
93	13.16490197814038	14.0	0.8350980218596202
94	13.165710282896562	14.0	0.834289717103438
95	13.176139472227616	14.0	0.8238605277723838
96	13.426402673890356	14.0	0.5735973261096436
97	13.431546693968727	14.0	0.5684533060312731
98	13.590019020607985	14.0	0.4099809793920155
99	13.592612504049379	14.0	0.40738749595062096
100	13.615188293870588	14.0	0.38481170612941185
101	14.06428734315501	14.0	0.06428734315501039
102	14.064294056209253	14.0	0.06429405620925266
103	14.14991237432934	14.0	0.14991237432933957
104	14.149923601739836	14.0	0.149923601739836
105	14.41232419228315	14.0	0.4123241922831493
106	14.412384018506234	15.0	0.5876159814937658
107	14.474066997110562	15.0	0.5259330028894382
108	14.474147295814419	15.0	0.5258527041855814
109	14.539741392277524	15.0	0.4602586077224764
110	14.539820176848199	15.0	0.46017982315180106
111	14.546871501530607	15.0	0.4531284984693933
112	14.619778409808754	15.0	0.3802215901912458
113	14.619814804321187	15.0	0.3801851956788127
114	14.770236894625725	15.0	0.2297631053742748
115	15.068288948007885	15.0	0.06828894800788454
116	15.260303294628342	15.0	0.2603032946283417
117	15.260358303127148	15.0	0.26035830312714836
118	15.264574090286038	15.0	0.26457409028603784
119	15.315110736701381	15.0	0.31511073670138146
120	15.31826373406785	15.0	0.31826373406785
121	15.325718119473965	16.0	0.6742818805260349
122	15.494985361952011	16.0	0.5050146380479887
123	15.53989997181108	16.0	0.46010002818892026
124	15.53995113971975	16.0	0.46004886028024927
125	15.625781667963572	16.0	0.3742183320364276
126	15.670290300353667	16.0	0.3297096996463331
127	15.715473462347505	16.0	0.2845265376524946
128	16.165472020688025	16.0	0.1654720206880249
129	16.165478282526024	16.0	0.16547828252602415
130	16.261162534866777	16.0	0.2611625348667772
131	16.261743377036087	16.0	0.26174337703608686
132	16.39247070436618	16.0	0.39247070436617904
133	16.392491038977347	16.0	0.3924910389773473
134	16.540293002274097	16.0	0.5402930022740975
135	16.543607994764415	16.0	0.5436079947644146
136	16.589918187736128	16.0	0.5899181877361279
137	16.58993246486277	17.0	0.41006753513723027
138	16.916620035600246	17.0	0.0833799643997537
139	16.91667440097506	17.0	0.08332559902493841
140	17.190500994522072	17.0	0.19050099452207192
141	17.26029614123121	17.0	0.26029614123120837
142	17.260350053661522	17.0	0.2603500536615222
143	17.38685494345094	17.0	0.3868549434509383
144	17.398868181389037	17.0	0.39886818138903735
145	17.544949948592862	17.0	0.5449499485928619
146	17.544998770365623	17.0	0.5449987703656234
147	17.632245258787282	17.0	0.6322452587872824
148	17.722761395392467	17.0	0.7227613953924674
149	17.801550789847067	17.0	0.8015507898470666
150	17.879059885693987	17.0	0.8790598856939873
151	18.042331446269067	17.0	1.042331446269067
152	18.042426789219068	17.0	1.0424267892190677
153	18.235892963329366	17.0	1.2358929633293663
154	18.235919460018856	18.0	0.2359194600188559
155	18.278555851816808	18.0	0.2785558518168081
156	18.317771224482385	18.0	0.31777122448238515
157	18.52694586248555	18.0	0.526945862485551
158	18.55480902695222	18.0	0.5548090269522206
159	18.55482136852108	18.0	0.554821368521079
160	18.607081733063442	18.0	0.6070817330634419
161	18.652025952900626	18.0	0.652025952900626
162	18.652122770320908	18.0	0.6521227703209078
163	18.95485275997205	18.0	0.9548527599720487
164	18.954909741287306	18.0	0.954909741287306
165	19.042408261888305	18.0	1.0424082618883048
166	19.042501795420566	18.0	1.0425017954205664
167	19.318735153234208	18.0	1.3187351532342078
168	19.370050641701233	18.0	1.3700506417012335
169	19.370341119601573	18.0	1.370341119601573
170	19.400959654450396	18.0	1.4009596544503964
171	19.41181658245847	18.0	1.4118165824584707
172	19.55068532117513	19.0	0.5506853211751306
173	19.550698173355933	19.0	0.5506981733559329
174	19.65185371186095	19.0	0.6518537118609515
175	19.652535461168803	19.0	0.652535461168803
176	19.842554248676613	19.0	0.8425542486766133
177	19.867021781612195	19.0	0.8670217816121948
178	19.867090792430524	19.0	0.867090792430524
179	19.90191509975348	19.0	0.9019150997534808
180	20.0423576722912	19.0	1.0423576722911996
181	20.044559156726745	19.0	1.044559156726745
182	20.328457660278875	19.0	1.3284576602788754
183	20.379829796263234	19.0	1.379829796263234
184	20.653782480032675	19.0	1.6537824800326746
185	20.653878734140704	19.0	1.6538787341407044
186	20.695066026841346	19.0	1.6950660268413458
187	20.6951917510273	19.0	1.6951917510272985
188	20.735299611031056	19.0	1.7352996110310563
189	20.88120482734165	19.0	1.8812048273416515
190	21.03082751092013	19.0	2.0308275109201297
191	21.030918419097414	20.0	1.0309184190974143
192	21.245418635922533	20.0	1.2454186359225332
193	21.245487588015603	20.0	1.245487588015603
194	21.555911779113803	20.0	1.5559117791138029
195	21.55593819692461	20.0	1.555938196924611
196	21.60711457117792	20.0	1.6071145711779202
197	21.61412412761064	20.0	1.6141241276106406
198	21.666053376104525	20.0	1.666053376104525
199	21.737797595684047	20.0	1.7377975956840466
200	21.74815743560188	20.0	1.748157435601879
201	22.06903520255054	20.0	2.069035202550541
202	22.081117400183167	20.0	2.0811174001831674
203	22.125491115684085	20.0	2.1254911156840848
204	22.125645453287376	20.0	2.125645453287376
205	22.34501643599775	20.0	2.3450164359977492
206	22.417117064999285	20.0	2.4171170649992852
207	22.55623701237225	20.0	2.55623701237225
208	22.556263773240968	20.0	2.5562637732409677
209	22.622614395035573	20.0	2.6226143950355727
210	22.62270720602311	20.0	2.6227072060231116
211	22.638431442863432	21.0	1.638431442863432
212	22.63858857686953	21.0	1.6385885768695303
213	22.996550389671732	21.0	1.9965503896717323
214	22.99659341638621	21.0	1.9965934163862116
215	23.092808407115108	21.0	2.0928084071151076
216	23.12537889544116	21.0	2.125378895441159
217	23.12553327162486	21.0	2.1255332716248603
218	23.184568328307986	21.0	2.1845683283079858
219	23.29536788489965	21.0	2.295367884899651
220	23.295580839129855	21.0	2.2955808391298547
221	23.386330135340486	21.0	2.3863301353404864
222	23.42575033466621	21.0	2.4257503346662084
223	23.425761793616648	21.0	2.4257617936166476
224	23.63721999409711	21.0	2.6372199940971086
225	23.638758029135676	21.0	2.6387580291356763
226	23.643134638589387	21.0	2.6431346385893875
227	23.703859367470823	21.0	2.703859367470823
228	24.125017787616514	21.0	3.125017787616514
229	24.125351282790657	21.0	3.125351282790657
230	24.12945332789019	21.0	3.1294533278901895
231	24.359767534311747	21.0	3.3597675343117466
232	24.359963910777026	22.0	2.359963910777026
233	24.40412247274463	22.0	2.4041224727446284
234	24.476496315030165	22.0	2.4764963150301647
235	24.639338039462107	22.0	2.639338039462107
236	24.63949455546657	22.0	2.6394945554665696
237	24.75031803705141	22.0	2.750318037051411
238	24.78917216660055	22.0	2.789172166600551
239	25.01416339296485	22.0	3.01416339296485
240	25.01418467978969	22.0	3.0141846797896896
241	25.130132770896026	22.0	3.130132770896026
242	25.130274421658072	22.0	3.130274421658072
243	25.186349124408427	22.0	3.1863491244084265
244	25.27801596769345	22.0	3.278015967693449
245	25.40395944359832	22.0	3.403959443598321
246	25.51931431378517	22.0	3.51931431378517
247	25.66246175583292	22.0	3.6624617558329184
248	25.67707524091331	22.0	3.677075240913311
249	25.86635487227601	22.0	3.866354872276009
250	25.86640141551213	22.0	3.8664014155121293
251	25.904048409507503	22.0	3.904048409507503
252	25.904234398167056	22.0	3.9042343981670555
253	26.126304997901077	22.0	4.126304997901077
254	26.133957458068647	23.0	3.1339574580686467
255	26.370316237437248	23.0	3.3703162374372475
256	26.370370225114726	23.0	3.3703702251147263
257	26.53384875646089	23.0	3.533848756460891
258	26.696517300396575	23.0	3.6965173003965752
259	26.69666488023679	23.0	3.6966648802367885
260	26.715890879322075	23.0	3.7158908793220746
261	26.825403610110488	23.0	3.825403610110488
262	26.82565146582757	23.0	3.825651465827569
263	26.87277104683671	23.0	3.8727710468367107
264	27.021101656170135	23.0	4.021101656170135
265	27.05850512904192	23.0	4.058505129041919
266	27.05854017196159	23.0	4.058540171961589
267	27.145218371617087	23.0	4.145218371617087
268	27.25464474369412	23.0	4.254644743694119
269	27.25488688635615	23.0	4.25488688635615
270	27.268737038427442	23.0	4.268737038427442
271	27.268754169396612	23.0	4.268754169396612
272	27.560571261254932	23.0	4.560571261254932
273	27.82545895358715	23.0	4.825458953587152
274	27.825700258053317	23.0	4.825700258053317
275	27.915127771069265	23.0	4.915127771069265
276	28.025115169115587	23.0	5.025115169115587
277	28.25441153797031	24.0	4.254411537970309
278	28.25535740302773	24.0	4.25535740302773
279	28.291448727317082	24.0	4.291448727317082
280	28.420907671707965	24.0	4.420907671707965
281	28.42141728147739	24.0	4.421417281477389
282	28.437139990944576	24.0	4.437139990944576
283	28.535499519654174	24.0	4.535499519654174
284	28.617024045800324	24.0	4.617024045800324
285	28.617305909298352	24.0	4.617305909298352
286	28.79124090165331	24.0	4.79124090165331
287	28.825727377343412	24.0	4.825727377343412
288	28.865265562924048	24.0	4.865265562924048
289	29.032364008864747	24.0	5.0323640088647466
290	29.06842176693533	24.0	5.06842176693533
291	29.11456842111537	24.0	5.114568421115369
292	29.11482846769025	24.0	5.1148284676902485
293	29.18200977633901	24.0	5.182009776339012
294	29.244234175454572	24.0	5.244234175454572
295	29.244412866172446	24.0	5.244412866172446
296	29.29962625870624	24.0	5.29962625870624
297	29.29966616389324	24.0	5.299666163893239
298	29.543098597713502	24.0	5.543098597713502
299	29.543168875373865	24.0	5.5431688753738655
300	29.80494992785268	24.0	5.804949927852679
301	29.830283045458717	25.0	4.830283045458717
302	29.83051602974728	25.0	4.83051602974728
303	30.18835276117517	25.0	5.188352761175171
304	30.241165307719736	25.0	5.241165307719736
305	30.312326666261765	25.0	5.3123266662617645
306	30.529733781575214	25.0	5.529733781575214
307	30.561156744420394	25.0	5.561156744420394
308	30.60989337130801	25.0	5.6098933713080115
309	30.61041804190009	25.0	5.61041804190009
310	30.820629925049925	25.0	5.820629925049925
311	30.911679050140886	25.0	5.9116790501408865
312	30.996656511606457	25.0	5.9966565116064565
313	31.184978387905787	25.0	6.184978387905787
314	31.185178004034448	25.0	6.185178004034448
315	31.235852586946887	25.0	6.235852586946887
316	31.31546949136259	25.0	6.315469491362592
317	31.31564369545061	25.0	6.3156436954506106
318	31.662351885203996	25.0	6.6623518852039965
319	31.744499334099178	25.0	6.744499334099178
320	31.74469155380943	25.0	6.744691553809432
321	31.87351176614932	25.0	6.873511766149321
322	31.873703786267672	25.0	6.873703786267672
323	32.07778799331857	25.0	7.077787993318573
324	32.139978701059576	25.0	7.139978701059576
325	32.202203263652905	25.0	7.202203263652905
326	32.20257177368451	26.0	6.202571773684511
327	32.28213070389697	26.0	6.282130703896968
328	32.28227220776685	26.0	6.282272207766852
329	32.36751151476178	26.0	6.36751151476178
330	32.38156213322441	26.0	6.3815621332244135
331	32.55955339196125	26.0	6.559553391961252
332	32.5599217231305	26.0	6.5599217231305005
333	32.6200294956287	26.0	6.6200294956287
334	32.71480157557581	26.0	6.714801575575812
335	32.823380750341904	26.0	6.823380750341904
336	32.95051262145424	26.0	6.950512621454237
337	33.011683211326115	26.0	7.011683211326115
338	33.01215807575155	26.0	7.01215807575155
339	33.170381246676	26.0	7.170381246676001
340	33.17051313860077	26.0	7.170513138600768
341	33.202277458011075	26.0	7.202277458011075
342	33.20264238715981	26.0	7.202642387159813
343	33.28187510882922	26.0	7.281875108829219
344	33.282068922174346	26.0	7.282068922174346
345	33.32718196098561	26.0	7.327181960985612
346	33.34168407467479	26.0	7.341684074674788
347	33.4534836005905	26.0	7.453483600590502
348	33.55991272293683	26.0	7.559912722936829
349	33.56112930499405	26.0	7.561129304994047
350	33.96955306206275	26.0	7.969553062062751
351	34.079168063852016	26.0	8.079168063852016
352	34.079188057459696	27.0	7.079188057459696
353	34.20110685993264	27.0	7.2011068599326435
354	34.20399074262201	27.0	7.203990742622011
355	34.55448204834249	27.0	7.554482048342493
356	34.5548517217883	27.0	7.554851721788303
357	34.63708960008405	27.0	7.637089600084053
358	34.718033737359285	27.0	7.718033737359285
359	35.12337848609095	27.0	8.12337848609095
360	35.12389506988182	27.0	8.123895069881819
361	35.16599010282526	27.0	8.165990102825262
362	35.204423639593784	27.0	8.204423639593784
363	35.204786698329016	27.0	8.204786698329016
364	35.39992197715813	27.0	8.39992197715813
365	35.40006001621542	27.0	8.40006001621542
366	35.50198732770508	27.0	8.50198732770508
367	35.502338947884404	27.0	8.502338947884404
368	35.51902582564468	27.0	8.519025825644682
369	35.539403953206	27.0	8.539403953205998
370	35.62650195473018	27.0	8.62650195473018
371	35.65329839298162	27.0	8.653298392981618
372	35.77829157073485	27.0	8.77829157073485
373	35.88434028876931	27.0	8.884340288769309
374	36.04067360720236	27.0	9.040673607202358
375	36.04082212945255	27.0	9.04082212945255
376	36.12168333176489	27.0	9.121683331764892
377	36.12738555232075	27.0	9.127385552320753
378	36.19318250826887	27.0	9.193182508268869
379	36.483721978397604	28.0	8.483721978397604
380	36.49043724359879	28.0	8.490437243598791
381	36.490978965557794	28.0	8.490978965557794
382	36.577042555314605	28.0	8.577042555314605
383	36.57742475214626	28.0	8.577424752146257
384	36.64575854792975	28.0	8.645758547929752
385	37.075103871291795	28.0	9.075103871291795
386	37.20181042064671	28.0	9.201810420646709
387	37.20210107609979	28.0	9.202101076099787
388	37.355155762272524	28.0	9.355155762272524
389	37.41012501555262	28.0	9.410125015552623
390	37.59658615986527	28.0	9.596586159865268
391	37.596683978682854	28.0	9.596683978682854
392	37.65435187687359	28.0	9.65435187687359
393	37.6681262565083	28.0	9.668126256508302
394	38.03710405609236	28.0	10.03710405609236
395	38.10386698318127	28.0	10.10386698318127
396	38.103980278483725	28.0	10.103980278483725
397	38.12764883595734	28.0	10.127648835957338
398	38.35683026143551	28.0	10.356830261435512
399	38.35737646557791	28.0	10.357376465577907
400	38.36730995146081	28.0	10.367309951460811
401	38.40222038700458	28.0	10.402220387004583
402	38.40226816234032	28.0	10.40226816234032
403	38.652494574472854	28.0	10.652494574472854
404	38.65304321990902	28.0	10.653043219909023
405	38.68306165207506	28.0	10.683061652075061
406	39.10221469800541	28.0	11.102214698005412
407	39.14094412423525	29.0	10.140944124235247
408	39.14192025611074	29.0	10.141920256110737
409	39.26561204969637	29.0	10.265612049696372
410	39.31139249388659	29.0	10.311392493886594
411	39.35680936480276	29.0	10.356809364802757
412	39.357355635356114	29.0	10.357355635356114
413	39.40828354114141	29.0	10.408283541141408
414	39.543184561350735	29.0	10.543184561350735
415	39.543506630139376	29.0	10.543506630139376
416	39.65241743867949	29.0	10.652417438679493
417	39.652967361491044	29.0	10.652967361491044
418	39.83663682688893	29.0	10.836636826888927
419	39.83673652497731	29.0	10.836736524977312
420	39.89533270688736	29.0	10.895332706887359
421	39.99970923223697	29.0	10.999709232236967
422	40.20590918749622	29.0	11.205909187496218
423	40.25012375279861	29.0	11.250123752798608
424	40.25039405083281	29.0	11.25039405083281
425	40.30328337051967	29.0	11.303283370519672
426	40.35691994600768	29.0	11.356919946007679
427	40.35750797478072	29.0	11.357507974780717
428	40.6539909504727	29.0	11.653990950472704
429	40.65453551119901	29.0	11.654535511199008
430	40.779022666089155	29.0	11.779022666089155
431	40.77962877481275	29.0	11.77962877481275
432	40.79713905617295	29.0	11.797139056172952
433	40.884120174842174	29.0	11.884120174842174
434	40.98887298739185	29.0	11.98887298739185
435	40.989048210575774	29.0	11.989048210575774
436	41.15028971226981	30.0	11.15028971226981
437	41.27519000060789	30.0	11.275190000607893
438	41.35393974139153	30.0	11.353939741391528
439	41.35446445317912	30.0	11.35446445317912
440	41.48084370509631	30.0	11.480843705096312
441	41.58290742970394	30.0	11.582907429703937
442	41.5832715275762	30.0	11.583271527576201
443	41.64649651963647	30.0	11.646496519636472
444	41.64792237796673	30.0	11.64792237796673
445	42.32745963090666	30.0	12.32745963090666
446	42.36699384372004	30.0	12.366993843720039
447	42.578771133523325	30.0	12.578771133523325
448	42.57932071069053	30.0	12.579320710690531
449	42.70055473450065	30.0	12.700554734500649
450	42.79099766622544	30.0	12.790997666225437
451	42.939976975324655	30.0	12.939976975324655
452	42.988000700557976	30.0	12.988000700557976
453	43.21414580571112	30.0	13.21414580571112
454	43.21430717548065	30.0	13.214307175480648
455	43.279503107170896	30.0	13.279503107170896
456	43.28022869427111	30.0	13.28022869427111
457	43.38486036252825	30.0	13.38486036252825
458	43.38534013332825	30.0	13.38534013332825
459	43.43649124432483	30.0	13.436491244324827
460	43.513705136106	30.0	13.513705136105997
461	43.61306235625248	30.0	13.613062356252478
462	43.73592800592557	30.0	13.735928005925572
463	43.813124290129274	30.0	13.813124290129274
464	43.97196706647305	30.0	13.971967066473049
465	43.97199306115397	30.0	13.971993061153967
466	44.14522412285763	31.0	13.145224122857627
467	44.14548455991296	31.0	13.145484559912958
468	44.169494555562636	31.0	13.169494555562636
469	44.18659625222885	31.0	13.186596252228853
470	44.396357826146	31.0	13.396357826146001
471	44.510465200956155	31.0	13.510465200956155
472	44.51071543935428	31.0	13.510715439354279
473	44.54921834569978	31.0	13.549218345699778
474	44.88335588926262	31.0	13.883355889262617
475	44.884128353392896	31.0	13.884128353392896
476	44.91708836219664	31.0	13.917088362196637
477	44.92805321704576	31.0	13.928053217045758
478	45.26199047099306	31.0	14.261990470993062
479	45.46906269316056	31.0	14.46906269316056
480	45.469874681255924	31.0	14.469874681255924
481	45.47367053668087	31.0	14.47367053668087
482	45.47379068643509	31.0	14.473790686435088
483	45.71176477181356	31.0	14.711764771813563
484	45.71257830670224	31.0	14.712578306702241
485	45.77297884241561	31.0	14.772978842415611
486	46.03146875275058	31.0	15.031468752750577
487	46.03170525706787	31.0	15.03170525706787
488	46.20922278563933	31.0	15.209222785639327
489	46.22268848852577	31.0	15.222688488525769
490	46.378260641508476	31.0	15.378260641508476
491	46.38006050503265	31.0	15.380060505032652
492	46.42079892667997	31.0	15.420798926679971
493	46.469004140751075	31.0	15.469004140751075
494	46.46981556321815	31.0	15.469815563218148
495	46.51007098130029	31.0	15.510070981300288
496	46.54754530961172	31.0	15.54754530961172
497	46.71163347766591	32.0	14.711633477665913
498	46.71244751213718	32.0	14.712447512137182
499	47.0212446730271	32.0	15.021244673027098
500	47.021464059234184	32.0	15.021464059234184
501	47.42439863740807	32.0	15.424398637408068
502	47.42550088261953	32.0	15.42550088261953
503	47.466819060915135	32.0	15.466819060915135
504	47.4699065267492	32.0	15.469906526749199
505	47.47927543171817	32.0	15.479275431718172
506	47.71156523756685	32.0	15.711565237566852
507	47.712368276031434	32.0	15.712368276031434
508	47.82399805630303	32.0	15.823998056303033
509	47.96045595396715	32.0	15.960455953967148
510	48.05782119829932	32.0	16.057821198299322
511	48.230083594697724	32.0	16.230083594697724
512	48.41262838485956	32.0	16.41262838485956
513	48.41332298061626	32.0	16.413322980616257
514	48.4667189788635	32.0	16.466718978863497
515	48.4675532695965	32.0	16.4675532695965
516	48.55822048042965	32.0	16.558220480429647
517	48.70100192537363	32.0	16.70100192537363
518	48.70194455451682	32.0	16.70194455451682
519	48.84885460516259	32.0	16.848854605162593
520	48.9702860121212	32.0	16.9702860121212
521	48.97037772218648	32.0	16.970377722186477
522	49.09434085459308	32.0	17.094340854593078
523	49.2301448390833	32.0	17.2301448390833
524	49.455938393680896	32.0	17.455938393680896
525	49.46019995969435	32.0	17.46019995969435
526	49.46136378364932	32.0	17.46136378364932
527	49.46482356866042	32.0	17.46482356866042
528	49.6252770228349	32.0	17.6252770228349
529	49.62598460431274	33.0	16.62598460431274
530	49.846790576758956	33.0	16.846790576758956
531	49.85080754109706	33.0	16.850807541097062
532	49.85133724742722	33.0	16.851337247427217
533	49.864181216761416	33.0	16.864181216761416
534	49.89553815394244	33.0	16.89553815394244
535	49.89678852732386	33.0	16.896788527323856
536	50.26586856712447	33.0	17.26586856712447
537	50.3507310123078	33.0	17.350731012307797
538	50.42657890334394	33.0	17.426578903343938
539	50.42792810733403	33.0	17.427928107334033
540	50.517630656593724	33.0	17.517630656593724
541	50.60028054914786	33.0	17.60028054914786
542	50.62552495668057	33.0	17.62552495668057
543	50.9356019455053	33.0	17.935601945505297
544	50.935710482349855	33.0	17.935710482349855
545	51.407487940078994	33.0	18.407487940078994
546	51.472313050943974	33.0	18.472313050943974
547	51.53379478615914	33.0	18.53379478615914
548	51.53390566336229	33.0	18.53390566336229
549	51.63767085622271	33.0	18.637670856222712
550	52.218432819796604	33.0	19.218432819796604
551	52.21939508592453	33.0	19.219395085924532
552	52.27569173353375	33.0	19.275691733533748
553	52.593358630890854	33.0	19.593358630890854
554	52.614938142006366	33.0	19.614938142006366
555	52.64307606599022	33.0	19.643076065990222
556	52.64492412046947	33.0	19.64492412046947
557	52.69444212759439	33.0	19.694442127594392
558	52.850798135334045	33.0	19.850798135334045
559	52.86258194262768	33.0	19.862581942627678
560	52.86465435024363	33.0	19.864654350243633
561	52.882018753315535	33.0	19.882018753315535
562	53.225528043542205	34.0	19.225528043542205
563	53.362274146244566	34.0	19.362274146244566
564	53.36256345455897	34.0	19.362563454558973
565	53.42149802457147	34.0	19.42149802457147
566	53.613115362090845	34.0	19.613115362090845
567	53.73281949459325	34.0	19.73281949459325
568	53.73318923932453	34.0	19.73318923932453
569	53.76154138218472	34.0	19.761541382184717
570	53.902264960166434	34.0	19.902264960166434
571	53.903477900586694	34.0	19.903477900586694
572	53.92189001266389	34.0	19.921890012663887
573	53.92209164170041	34.0	19.922091641700412
574	53.99471941718836	34.0	19.994719417188357
575	54.058040983868196	34.0	20.058040983868196
576	54.099244133062065	34.0	20.099244133062065
577	54.10045933981699	34.0	20.100459339816993
578	54.343736135248015	34.0	20.343736135248015
579	54.422333531136395	34.0	20.422333531136395
580	54.42320687601386	34.0	20.423206876013857
581	54.846308073058644	34.0	20.846308073058644
582	54.90223476762984	34.0	20.902234767629842
583	54.90344822252997	34.0	20.903448222529967
584	55.04798794062256	34.0	21.047987940622562
585	55.09908923652679	34.0	21.099089236526787
586	55.100305208715895	34.0	21.100305208715895
587	55.48140037059631	34.0	21.48140037059631
588	55.65257526941047	34.0	21.65257526941047
589	55.652959856113824	34.0	21.652959856113824
590	55.80077595527465	34.0	21.800775955274652
591	55.887912445535505	34.0	21.887912445535505
592	55.8892670880339	34.0	21.889267088033897
593	55.90244453060822	34.0	21.90244453060822
594	55.90382157898747	34.0	21.90382157898747
595	55.96834771261293	34.0	21.968347712612932
596	56.09938944367432	35.0	21.09938944367432
597	56.1005946622	35.0	21.100594662200002
598	56.22117250256506	35.0	21.22117250256506
599	56.39208224761482	35.0	21.392082247614823
600	56.392323343310785	35.0	21.392323343310785
601	56.896095815221614	35.0	21.896095815221614
602	56.8973259455238	35.0	21.897325945523797
603	56.970959384561546	35.0	21.970959384561546
604	57.086099289798405	35.0	22.086099289798405
605	57.08892657066758	35.0	22.08892657066758
606	57.09278454364768	35.0	22.09278454364768
607	57.184082263722324	35.0	22.184082263722324
608	57.18453813705897	35.0	22.184538137058972
609	57.59598640719514	35.0	22.59598640719514
610	57.69583428683594	35.0	22.69583428683594
611	57.69694374742621	35.0	22.69694374742621
612	57.83855082245486	35.0	22.838550822454863
613	57.90943731452332	35.0	22.909437314523323
614	58.09247684079307	35.0	23.09247684079307
615	58.09340794282463	35.0	23.093407942824633
616	58.127708284851025	35.0	23.127708284851025
617	58.383043755062396	35.0	23.383043755062396
618	58.48704000913525	35.0	23.48704000913525
619	58.48779698353211	35.0	23.487796983532107
620	58.642478596212435	35.0	23.642478596212435
621	58.713975165674775	35.0	23.713975165674775
622	58.81191517947815	35.0	23.81191517947815
623	58.81363587233657	35.0	23.81363587233657
624	58.88976397309131	35.0	23.889763973091313
625	58.965127804996754	35.0	23.965127804996754
626	59.1087853761651	35.0	24.108785376165102
627	59.177335562674024	35.0	24.177335562674024
628	59.29233429270347	35.0	24.292334292703472
629	59.292393442200755	35.0	24.292393442200755
630	59.56859940034706	35.0	24.56859940034706
631	59.641300062181905	36.0	23.641300062181905
632	59.66024616556239	36.0	23.66024616556239
633	59.66058937928114	36.0	23.66058937928114
634	59.875114976672656	36.0	23.875114976672656
635	59.88534254226435	36.0	23.885342542264347
636	59.89180433638656	36.0	23.891804336386564
637	59.973353338908865	36.0	23.973353338908865
638	60.178755814216565	36.0	24.178755814216565
639	60.19954827570758	36.0	24.199548275707578
640	60.33638901538148	36.0	24.336389015381478
641	60.33650807314153	36.0	24.33650807314153
642	60.605311323826704	36.0	24.605311323826704
643	60.60542848935925	36.0	24.605428489359248
644	60.69048439341356	36.0	24.690484393413563
645	60.84528763157015	36.0	24.84528763157015
646	60.96663655381674	36.0	24.96663655381674
647	60.96784318067549	36.0	24.967843180675487
648	61.163608024880226	36.0	25.163608024880226
649	61.1985784478171	36.0	25.1985784478171
650	61.389884293092976	36.0	25.389884293092976
651	61.78094694066081	36.0	25.78094694066081
652	61.78101521738275	36.0	25.781015217382752
653	61.87866735382562	36.0	25.87866735382562
654	62.105088584145136	36.0	26.105088584145136
655	62.204668376465165	36.0	26.204668376465165
656	62.20495750521601	36.0	26.204957505216008
657	62.50211109574824	36.0	26.50211109574824
658	62.91736052897069	36.0	26.91736052897069
659	63.18773513199544	36.0	27.18773513199544
660	63.18797369127285	36.0	27.187973691272852
661	63.63952192232551	36.0	27.639521922325507
662	63.64099043243553	36.0	27.64099043243553
663	63.66575150795701	36.0	27.66575150795701
664	63.75187241759324	36.0	27.75187241759324
665	63.816875143083976	36.0	27.816875143083976
666	63.81818252353755	36.0	27.81818252353755
667	63.825525176312105	37.0	26.825525176312105
668	63.87763026163011	37.0	26.87763026163011
669	63.94649558163325	37.0	26.94649558163325
670	64.14775443413627	37.0	27.147754434136274
671	64.14836105862628	37.0	27.14836105862628
672	64.21466194605698	37.0	27.214661946056978
673	64.44310087862017	37.0	27.44310087862017
674	64.62164078976794	37.0	27.621640789767937
675	64.62979144486681	37.0	27.62979144486681
676	64.63166499588104	37.0	27.63166499588104
677	64.7543876571589	37.0	27.7543876571589
678	64.75490801598535	37.0	27.75490801598535
679	64.78606898775637	37.0	27.786068987756366
680	64.78794345126367	37.0	27.787943451263672
681	65.32623567430198	37.0	28.326235674301984
682	65.34130202276768	37.0	28.341302022767678
683	65.42749677864175	37.0	28.427496778641753
684	65.42843290137685	37.0	28.42843290137685
685	65.44384215568412	37.0	28.443842155684123
686	65.62976084121546	37.0	28.629760841215457
687	65.63163419868967	37.0	28.631634198689667
688	65.66113138985713	37.0	28.661131389857132
689	65.70301590932489	37.0	28.70301590932489
690	65.70531027139353	37.0	28.70531027139353
691	65.78594045787007	37.0	28.78594045787007
692	65.78781699738182	37.0	28.787816997381825
693	66.62936322071592	37.0	29.629363220715916
694	66.63149279128679	37.0	29.63149279128679
695	66.78507717616286	37.0	29.785077176162858
696	66.7869551871286	37.0	29.786955187128598
697	66.85368843972496	37.0	29.853688439724962
698	66.96204406972178	37.0	29.962044069721784
699	67.0569996067743	37.0	30.056999606774298
700	67.06078274684886	37.0	30.060782746848858
701	67.09117158276831	37.0	30.09117158276831
702	67.09576951008083	37.0	30.095769510080828
703	67.47985863144278	37.0	30.47985863144278
704	67.48159740974614	38.0	29.481597409746144
705	67.53841207294805	38.0	29.53841207294805
706	67.5873136313375	38.0	29.587313631337494
707	67.6257041163781	38.0	29.625704116378103
708	67.62760684789757	38.0	29.627606847897567
709	67.77702769148955	38.0	29.77702769148955
710	67.77923628453033	38.0	29.779236284530327
711	68.19485809360617	38.0	30.19485809360617
712	68.19506974076558	38.0	30.195069740765575
713	68.61777387936992	38.0	30.61777387936992
714	68.6235335134112	38.0	30.623533513411203
715	68.74716941719507	38.0	30.747169417195067
716	68.74930272082261	38.0	30.749302720822612
717	69.18803627575546	38.0	31.188036275755465
718	69.18845268647031	38.0	31.188452686470313
719	69.31980383851422	38.0	31.31980383851422
720	69.35999915311785	38.0	31.359999153117855
721	69.59354326301562	38.0	31.59354326301562
722	69.60427964880118	38.0	31.60427964880118
723	69.61531076630561	38.0	31.615310766305612
724	69.63964303628723	38.0	31.639643036287225
725	69.84146745631725	38.0	31.841467456317247
726	69.99805665306637	38.0	31.99805665306637
727	70.02985081826047	38.0	32.02985081826047
728	70.03086282753796	38.0	32.03086282753796
729	70.11645234489978	38.0	32.116452344899784
730	70.11803454473319	38.0	32.11803454473319
731	70.1824116333746	38.0	32.1824116333746
732	70.31287063070386	38.0	32.312870630703856
733	70.56293362649572	38.0	32.56293362649572
734	70.611973175546	38.0	32.611973175546
735	70.66437619754034	38.0	32.664376197540335
736	70.66673914299612	38.0	32.66673914299612
737	70.91476419876231	38.0	32.91476419876231
738	70.92996469395878	38.0	32.92996469395878
739	71.04328716395489	38.0	33.043287163954886
740	71.04370615368533	38.0	33.043706153685335
741	71.20134807642908	38.0	33.201348076429085
742	71.25288937233773	39.0	32.252889372337734
743	71.47126658390894	39.0	32.47126658390894
744	71.47800591875196	39.0	32.47800591875196
745	71.49073552487944	39.0	32.49073552487944
746	71.50554313315777	39.0	32.50554313315777
747	71.50599849476953	39.0	32.50599849476953
748	71.82995598258636	39.0	32.829955982586355
749	72.14735523305934	39.0	33.14735523305934
750	72.46580331855337	39.0	33.46580331855337
751	72.46590386979669	39.0	33.46590386979669
752	72.61367294599998	39.0	33.61367294599998
753	72.6828198624381	39.0	33.682819862438095
754	72.76107969420728	39.0	33.76107969420728
755	72.83602957446378	39.0	33.83602957446378
756	72.97801542336524	39.0	33.978015423365235
757	72.97807808520419	39.0	33.97807808520419
758	73.2157891553691	39.0	34.215789155369094
759	73.38809549143944	39.0	34.388095491439444
760	73.38829777868446	39.0	34.38829777868446
761	73.9524761662393	39.0	34.95247616623929
762	74.00173124568595	39.0	35.001731245685946
763	74.00829042972394	39.0	35.00829042972394
764	74.03741204299759	39.0	35.03741204299759
765	74.63202442999966	39.0	35.63202442999966
766	74.73215460029982	39.0	35.73215460029982
767	75.0058207013502	39.0	36.0058207013502
768	75.06283117288693	39.0	36.06283117288693
769	75.0632898687494	39.0	36.06328986874939
770	75.14317553123078	39.0	36.14317553123078
771	75.32576832740004	39.0	36.32576832740004
772	75.32682684975092	39.0	36.326826849750915
773	75.50856560557027	39.0	36.50856560557027
774	75.72800941352426	39.0	36.72800941352426
775	75.9205150562153	39.0	36.920515056215294
776	75.92108912700107	39.0	36.92108912700107
777	76.09033579589288	39.0	37.090335795892884
778	76.44631451331679	39.0	37.44631451331679
779	76.4474629153202	39.0	37.4474629153202
780	76.53472834197288	39.0	37.53472834197288
781	76.63633277161917	40.0	36.636332771619166
782	76.6795959289478	40.0	36.679595928947805
783	76.68134077224256	40.0	36.681340772242564
784	76.8867417348627	40.0	36.886741734862696
785	77.58213722065277	40.0	37.58213722065277
786	77.65547080961593	40.0	37.655470809615935
787	77.65636864103124	40.0	37.656368641031236
788	77.87029998509529	40.0	37.870299985095286
789	77.87253266568051	40.0	37.87253266568051
790	77.97371920156864	40.0	37.97371920156864
791	77.97463458062091	40.0	37.974634580620915
792	78.07891317784105	40.0	38.078913177841045
793	78.65725539718018	40.0	38.65725539718018
794	78.89273283769899	40.0	38.892732837698986
795	79.11895748840051	40.0	39.11895748840051
796	79.11932858312848	40.0	39.11932858312848
797	79.28839539992944	40.0	39.28839539992944
798	79.33321799364109	40.0	39.333217993641085
799	79.33760451516379	40.0	39.33760451516379
800	79.50676103435312	40.0	39.50676103435312
801	80.8568331302777	40.0	40.85683313027771
802	81.07214379172173	40.0	41.07214379172173
803	81.07481621945496	40.0	41.07481621945496
804	81.08994626164255	40.0	41.08994626164255
805	81.12171758317336	40.0	41.121717583173364
806	81.43738852338842	40.0	41.43738852338842
807	81.43840738095201	40.0	41.438407380952015
808	81.58787504344873	40.0	41.58787504344873
809	81.63949188623101	40.0	41.63949188623101
810	81.65746960359043	40.0	41.65746960359043
811	82.31579333668287	40.0	42.31579333668287
812	82.31592974501261	40.0	42.31592974501261
813	82.81706494404818	40.0	42.817064944048184
814	83.0274148204086	40.0	43.027414820408595
815	83.0289251828337	40.0	43.0289251828337
816	83.29060700270158	40.0	43.29060700270158
817	84.22662288627858	40.0	44.22662288627858
818	84.48023400590078	40.0	44.48023400590078
819	84.48370652318076	40.0	44.48370652318076
820	84.54411240806483	40.0	44.544112408064834
821	84.5523683165891	41.0	43.552368316589096
822	84.55243935467857	41.0	43.55243935467857
823	84.65865187852339	41.0	43.658651878523386
824	84.75094764470732	41.0	43.750947644707324
825	85.38556723347921	41.0	44.38556723347921
826	85.59897240354685	41.0	44.59897240354685
827	85.6010788708898	41.0	44.60107887088979
828	85.63285791744214	41.0	44.63285791744214
829	85.88698299838346	41.0	44.88698299838346
830	85.90939883715141	41.0	44.909398837151414
831	85.91557565861284	41.0	44.91557565861284
832	85.98914854183016	41.0	44.98914854183016
833	88.13206042186779	41.0	47.13206042186779
834	88.17007061838562	41.0	47.17007061838562
835	88.80431229143106	41.0	47.80431229143106
836	88.80455398230599	41.0	47.80455398230599
837	89.9212101680104	41.0	48.921210168010404
838	89.92128261206726	41.0	48.92128261206726
839	90.0433351040501	41.0	49.0433351040501
840	90.05921420297652	41.0	49.05921420297652
841	90.19901710792584	41.0	49.19901710792584
842	90.44694653703472	41.0	49.44694653703472
843	90.44880308317143	41.0	49.44880308317143
844	90.61581611918577	41.0	49.615816119185766
845	90.78481167279095	41.0	49.78481167279095
846	91.15391286713816	41.0	50.15391286713816
847	91.15660418811925	41.0	50.156604188119246
848	91.2292552295758	41.0	50.2292552295758
849	91.24072364450937	41.0	50.24072364450937
850	91.42011785482053	41.0	50.42011785482053
851	91.4219639828632	41.0	50.421963982863204
852	91.6326738806574	41.0	50.63267388065741
853	94.85371837851	41.0	53.853718378509996
854	95.04337280375431	41.0	54.04337280375431
855	95.17831862836478	41.0	54.17831862836478
856	95.17916305243456	41.0	54.17916305243456
857	95.5692744870924	41.0	54.5692744870924
858	95.56978844413868	41.0	54.56978844413868
859	95.65588940221613	41.0	54.65588940221613
860	95.6810987756544	41.0	54.681098775654405
861	97.33834051356644	41.0	56.338340513566436
862	97.56984487885742	42.0	55.569844878857424
863	97.72989052931324	42.0	55.72989052931324
864	97.7306929431253	42.0	55.730692943125305
865	98.36874629442795	42.0	56.36874629442795
866	98.56025799337893	42.0	56.560257993378926
867	98.5624621170141	42.0	56.56246211701411
868	98.76345263246687	42.0	56.763452632466866
869	101.20849413904776	42.0	59.20849413904776
870	101.4663895729298	42.0	59.4663895729298
871	101.47505992884147	42.0	59.475059928841475
872	101.50169514229601	42.0	59.501695142296015
873	101.9239378895356	42.0	59.923937889535594
874	101.948105432912	42.0	59.948105432912
875	101.95860744657836	42.0	59.958607446578355
876	102.05126105609388	42.0	60.05126105609388
877	106.14365156460892	42.0	64.14365156460892
878	106.2538066434724	42.0	64.2538066434724
879	106.37172762134882	42.0	64.37172762134882
880	106.3727288111798	42.0	64.3727288111798
881	108.36905478925955	42.0	66.36905478925955
882	108.57665536841878	42.0	66.57665536841878
883	108.58346496927118	42.0	66.58346496927118
884	108.62417732714634	42.0	66.62417732714634
885	109.08898448998391	42.0	67.08898448998391
886	109.21148913432836	42.0	67.21148913432836
887	109.21521573371695	42.0	67.21521573371695
888	109.34953924319322	42.0	67.34953924319322
889	116.66708792858479	42.0	74.66708792858479
890	116.66795522211878	42.0	74.66795522211878
891	116.80890073594765	42.0	74.80890073594765
892	116.80920501441332	42.0	74.80920501441332
893	117.53296675543658	42.0	75.53296675543658
894	117.69623385557834	42.0	75.69623385557834
895	117.69946089253591	42.0	75.69946089253591
896	117.86179361494163	42.0	75.86179361494163
897	127.87933747737901	42.0	85.87933747737901
898	127.97693560005683	42.0	85.97693560005683
899	127.99668202068632	42.0	85.99668202068632
900	128.01114650505303	42.0	86.01114650505303
