   9.0034265936956824E-007
   1.9207624765227364E-006
   1.9207624765501303E-006
   4.0976937531587173E-006
   4.1691381029460900E-006
   4.1691381030335911E-006
   8.5787555405806690E-006
   8.5787555406287754E-006
   8.8943070110019785E-006
   8.8943070110450874E-006
   1.6677364071019456E-005
   1.6677364071117458E-005
   1.8301645008263234E-005
   1.8301645008387836E-005
   1.9305663617927309E-005
   3.0780943906137937E-005
   3.0780943906230108E-005
   3.5578959612468451E-005
   3.5578959612676807E-005
   3.9724893884182556E-005
   3.9724893884232978E-005
   5.4177288853334596E-005
   5.4177288853370042E-005
   6.5667089559862164E-005
   6.5667089559999343E-005
   7.7226412952668285E-005
   7.7226412952739558E-005
   8.1741152510901615E-005
   9.1227863377623287E-005
   9.1227863377738754E-005
   1.1558010989190370E-004
   1.1558010989199694E-004
   1.4253462807706298E-004
   1.4253462807729196E-004
   1.4729231240955584E-004
   1.4729231240963919E-004
   1.5890730929181356E-004
   1.5890730929187647E-004
   1.9462263058152884E-004
   1.9462263058158500E-004
   2.2836953243808228E-004
   2.2836953243812147E-004
   2.5087403883718520E-004
   2.5087403883733737E-004
   2.9329077141698398E-004
   2.9329077141706112E-004
   3.0892068646855948E-004
   3.1422874815035981E-004
   3.1422874815042638E-004
   3.4036935555869049E-004
   3.4036935555870859E-004
   4.2244089773559669E-004
   4.2244089773568885E-004
   4.8719631812254351E-004
   4.8719631812256791E-004
   4.8799378228602181E-004
   4.8799378228609901E-004
   5.1621869977638499E-004
   5.1621869977649536E-004
   5.7016626135576373E-004
   5.7016626135583323E-004
   6.7331858651416005E-004
   6.7331858651418564E-004
   6.8205364435974553E-004
   6.8205364435981470E-004
   7.2613318886956214E-004
   7.2613318886963121E-004
   8.6924853592773761E-004
   8.6924853592777989E-004
   8.9430675054341408E-004
   8.9430675054347566E-004
   1.0035449962217775E-003
   1.0035449962219904E-003
   1.0410704591730406E-003
   1.0410704591730926E-003
   1.0523399041506675E-003
   1.0574908446477017E-003
   1.0574908446477540E-003
   1.1436130308349361E-003
   1.1436130308349508E-003
   1.4034487071727419E-003
   1.4034487071727933E-003
   1.4080975103130259E-003
   1.4080975103131115E-003
   1.4364365192282311E-003
   1.4364365192283029E-003
   1.5761186418310974E-003
   1.5761186418311952E-003
   1.6694041401522307E-003
   1.6694041401523266E-003
   1.6898458329409121E-003
   1.6898458329410331E-003
   1.8522149006568562E-003
   1.8522149006569583E-003
   1.9057585831404225E-003
   1.9057585831404669E-003
   1.9078856600759509E-003
   1.9078856600760728E-003
   2.0948305875552989E-003
   2.0948305875553947E-003
   2.1759786360515078E-003
   2.1759786360515182E-003
   2.2171750224929138E-003
   2.2171750224929988E-003
   2.2597101789504030E-003
   2.2597101789504702E-003
   2.4397477720927933E-003
   2.4397477720929364E-003
   2.7283473615877158E-003
   2.7283473615877865E-003
   3.0039905729017588E-003
   3.0039905729018659E-003
   3.1178775608469251E-003
   3.1178775608469806E-003
   3.1189011388328379E-003
   3.1189011388328795E-003
   3.2431491108083164E-003
   3.2431491108083550E-003
   3.2600683720958893E-003
   3.5614538500716559E-003
   3.5614538500717344E-003
   4.0656849231327490E-003
   4.0656849231328470E-003
   4.1411881476032253E-003
   4.1411881476033337E-003
   4.2301692539245444E-003
   4.2301692539245921E-003
   4.4690451412299553E-003
   4.4690451412300091E-003
   4.6497623104270261E-003
   4.6497623104270825E-003
   4.7300508787644358E-003
   4.7300508787645277E-003
   5.0356343326171974E-003
   5.0356343326172746E-003
   5.2956289616066616E-003
   5.2956289616066989E-003
   5.4895525107785618E-003
   5.4895525107785991E-003
   6.3047814105972348E-003
   6.3047814105973952E-003
   6.4155968787492088E-003
   6.4155968787492886E-003
   6.5203541366925999E-003
   6.5203541366926918E-003
   7.7303639210568190E-003
   7.7303639210568997E-003
   7.8075049488742377E-003
   7.8075049488744120E-003
   8.5212434534663525E-003
   8.5212434534664740E-003
   8.8248297934669165E-003
   8.8248297934669477E-003
   8.8631790055155989E-003
   8.8631790055158383E-003
   9.0392806426249760E-003
   9.0392806426250975E-003
   9.2437284526101504E-003
   9.7003490079318171E-003
   9.7003490079319177E-003
   1.0266878695403390E-002
   1.0266878695403391E-002
   1.0896714182666363E-002
   1.0896714182666469E-002
   1.1636558518111484E-002
   1.1636558518111514E-002
   1.2472117240684722E-002
   1.2472117240684819E-002
   1.3416807694123130E-002
   1.3416807694123185E-002
   1.3741925917872645E-002
   1.3741925917872693E-002
   1.4924498817161553E-002
   1.4924498817161571E-002
   1.5906621628225887E-002
   1.5906621628225967E-002
   1.6565558808733959E-002
   1.6565558808734036E-002
   1.6683547185749614E-002
   1.6683547185749752E-002
   1.8158683069992236E-002
   1.8158683069992375E-002
   1.9960222171508550E-002
   1.9960222171508564E-002
   2.0481411941715853E-002
   2.0481411941715953E-002
   2.1125959447501598E-002
   2.1125959447501671E-002
   2.1183546814578257E-002
   2.1183546814578392E-002
   2.3019437576698661E-002
   2.3019437576698869E-002
   2.3139706078279643E-002
   2.3139706078279806E-002
   2.4096409374787017E-002
   2.6082685947912677E-002
   2.6082685947912729E-002
   2.9364575619892676E-002
   2.9364575619892822E-002
   3.0574588064074773E-002
   3.0574588064074849E-002
   3.0922960653525844E-002
   3.0922960653525879E-002
   3.4488168196502689E-002
   3.4488168196503188E-002
   3.5301037216903988E-002
   3.5301037216904259E-002
   3.7360305180453586E-002
   3.7360305180453912E-002
   3.8803284523341558E-002
   3.8803284523341683E-002
   3.9097879224593318E-002
   3.9097879224593450E-002
   4.0516324731334284E-002
   4.0516324731334347E-002
   4.1069513566843498E-002
   4.1069513566843664E-002
   4.8140083148997773E-002
   4.8140083148997863E-002
   4.9446318734261197E-002
   4.9446318734261412E-002
   5.3814083615351269E-002
   5.3814083615351560E-002
   5.5683010172095121E-002
   5.5683010172095676E-002
   5.7073642647338003E-002
   5.7073642647338121E-002
   5.7925327440572542E-002
   6.5154135975923802E-002
   6.5154135975923816E-002
   6.8224486964803974E-002
   6.8224486964804598E-002
   6.8815859018797304E-002
   6.8815859018797679E-002
   7.1618135767852767E-002
   7.1618135767853100E-002
   7.5800851259912289E-002
   7.5800851259912358E-002
   7.9833752067230382E-002
   7.9833752067230618E-002
   8.4730968554703565E-002
   8.4730968554703703E-002
   8.6333786127177972E-002
   8.6333786127178402E-002
   9.0616270613979311E-002
   9.0616270613979463E-002
  0.10045485392051479     
  0.10045485392051495     
  0.11015211883687265     
  0.11015211883687280     
  0.11467726446375770     
  0.11467726446375809     
  0.11587740763092581     
  0.11587740763092604     
  0.12377833122528374     
  0.12377833122528394     
  0.12605449788922521     
  0.12605449788922529     
  0.12867467403961028     
  0.13341646138509286     
  0.13341646138509303     
  0.14267648652754014     
  0.14267648652754059     
  0.14630486286213548     
  0.14630486286213565     
  0.16915356753844962     
  0.16915356753844996     
  0.17078547728879356     
  0.17078547728879401     
  0.18448323811628059     
  0.18448323811628059     
  0.18709033286619228     
  0.18709033286619228     
  0.19310235038461854     
  0.19310235038461884     
  0.21226020635201870     
  0.21226020635201881     
  0.22465684365537153     
  0.22465684365537170     
  0.22683854016993468     
  0.22683854016993485     
  0.23035889309532834     
  0.23035889309532886     
  0.25454421271948230     
  0.25454421271948285     
  0.26449699911725749     
  0.27310757034770272     
  0.27310757034770300     
  0.29007441828686881     
  0.29007441828687025     
  0.31177417366610488     
  0.31177417366610510     
  0.33808751504294976     
  0.33808751504295070     
  0.34270556679287789     
  0.34270556679287878     
  0.35716020645291918     
  0.35716020645292001     
  0.36272060723020555     
  0.36272060723020572     
  0.36494470226358411     
  0.36494470226358444     
  0.42343994146939473     
  0.42343994146939556     
  0.43233631808187573     
  0.43233631808187623     
  0.48339062033603986     
  0.48339062033604052     
  0.48472226572425714     
  0.48472226572425836     
  0.50353930726908880     
  0.53134823380860896     
  0.53134823380860952     
  0.53232315188342538     
  0.53232315188342605     
  0.56238057590187229     
  0.56238057590187340     
  0.61984850173750738     
  0.61984850173750750     
  0.63110861793623296     
  0.63110861793623374     
  0.66880465009301260     
  0.66880465009301404     
  0.72046105349668765     
  0.72046105349668865     
  0.76320145760375668     
  0.76320145760375802     
  0.79193863554330646     
  0.79193863554330779     
  0.83819024435904932     
  0.83819024435905010     
  0.85524761214715883     
  0.85524761214716050     
  0.88831130664244951     
  0.90483199051373564     
  0.90483199051373875     
   1.0329382147478448     
   1.0329382147478476     
   1.0530415454311468     
   1.0530415454311481     
   1.1354169339449331     
   1.1354169339449336     
   1.1359462344402371     
   1.1359462344402396     
   1.2017287130584282     
   1.2017287130584295     
   1.2484589332910034     
   1.2484589332910054     
   1.3986576065830767     
   1.3986576065830776     
   1.4252159022443707     
   1.4252159022443722     
   1.4526144583436478     
   1.5666128397920647     
   1.5666128397920684     
   1.6581077624789362     
   1.6581077624789369     
   1.6582124334316954     
   1.6582124334316957     
   1.7885619935137707     
   1.7885619935137738     
   1.8929823532091496     
   1.8929823532091539     
   2.0807868164866821     
   2.0807868164866847     
   2.1204730318904867     
   2.1204730318904881     
   2.2022044364680151     
   2.2023110527667686     
   2.2023110527667695     
   2.4206898639142027     
   2.4206898639142032     
   2.6108768581546329     
   2.6108768581546444     
   2.6608486587825411     
   2.6608486587825513     
   2.8162502590586489     
   2.8162502590586604     
   2.9805251240702715     
   2.9805251240702781     
   3.0953883552156798     
   3.2762256731336361     
   3.2762256731336401     
   3.4675671501432905     
   3.4675671501432919     
   3.5336338183317317     
   3.5336338183317317     
   3.8842087730036843     
   3.8842087730036949     
   4.0339261278857004     
   4.1110582998036822     
   4.1110582998036946     
   4.4341355276534342     
   4.4341355276534404     
   4.6931024382907953     
   4.6931024382907998     
   4.8740500580023571     
   5.1587093062235239     
   5.1587093062235310     
   5.4599935145156149     
