  0.10300870412732241     
  0.11736732754652766     
  0.11736732754652790     
  0.13372743295933004     
  0.14033658568760218     
  0.14033658568760254     
  0.15989842954241573     
  0.15989842954241618     
  0.17044446329450966     
  0.17044446329451007     
  0.19119119543636667     
  0.19420311440140636     
  0.19420311440140658     
  0.20560996400800549     
  0.20560996400800557     
  0.23220944512166689     
  0.23220944512166694     
  0.23427041624297709     
  0.23427041624297731     
  0.24319811814702116     
  0.24319811814702122     
  0.27709807081914112     
  0.27709807081914117     
  0.28011807911464481     
  0.28011807911464487     
  0.28016523008315902     
  0.28016523008315930     
  0.28202776953533293     
  0.31330443922564954     
  0.31330443922564982     
  0.31921811467189209     
  0.31921811467189248     
  0.33132727797660444     
  0.33132727797660450     
  0.33957241294891966     
  0.33957241294892015     
  0.34021474457179096     
  0.34021474457179118     
  0.35644978390673743     
  0.35644978390673748     
  0.35697667543635031     
  0.35697667543635042     
  0.38169038385003334     
  0.38169038385003340     
  0.38690620325714470     
  0.38690620325714475     
  0.40241038922854722     
  0.40241038922854727     
  0.40613615030008576     
  0.40613615030008604     
  0.41040665114201913     
  0.42683844684960381     
  0.42683844684960404     
  0.46262530366413995     
  0.46262530366414001     
  0.46357841970600128     
  0.46357841970600183     
  0.48543428191482940     
  0.48543428191483012     
  0.48561862870078554     
  0.48561862870078598     
  0.51841256953973569     
  0.51841256953973580     
  0.55922228477402802     
  0.55922228477402902     
  0.56187715557668882     
  0.56187715557668894     
  0.57417793157699537     
  0.58980347946454081     
  0.58980347946454126     
  0.62536962306710397     
  0.62536962306710420     
  0.66145533334963325     
  0.66145533334963347     
  0.67780166924767737     
  0.67780166924767760     
  0.71148965381738261     
  0.71148965381738383     
  0.73969525849588635     
  0.73969525849588669     
  0.76199925833966686     
  0.80171255918087003     
  0.80171255918087092     
  0.84155914196223580     
  0.84155914196223591     
  0.85213197317028744     
  0.85213197317028821     
  0.92357615805103388     
  0.92357615805103410     
  0.95292599271193967     
  0.96947958492796293     
  0.96947958492796327     
   1.0328209185503507     
   1.0328209185503512     
   1.0841540101404215     
   1.0841540101404217     
   1.1194143700072730     
   1.1750513147580415     
   1.1750513147580426     
   1.2334535175795827     
