0	0	0	0
1	0.9996431374022996	1.0	0.0003568625977004025
2	1.274754412688608	2.0	0.7252455873113921
3	1.6472884757283317	2.0	0.3527115242716683
4	1.6472890923374093	3.0	1.3527109076625907
5	1.9567715580495089	3.0	1.0432284419504911
6	1.9996689541515689	3.0	1.0003310458484311
7	1.999668957713636	4.0	2.000331042286364
8	2.2038457419566986	4.0	1.7961542580433014
9	2.266203589729192	4.0	1.7337964102708079
10	2.2662189896550435	4.0	1.7337810103449565
11	2.440033679419893	5.0	2.559966320580107
12	2.98370622904091	5.0	2.01629377095909
13	2.983752230406401	5.0	2.016247769593599
14	2.999508209718084	5.0	2.000491790281916
15	3.0001141898521566	5.0	1.9998858101478434
16	3.000297896330294	6.0	2.999702103669706
17	3.073560601659306	6.0	2.926439398340694
18	3.0739045505267506	6.0	2.9260954494732494
19	3.3829697460486154	6.0	2.6170302539513846
20	3.3829754785294885	6.0	2.6170245214705115
21	3.641367314799184	6.0	2.358632685200816
22	4.003000065897729	7.0	2.996999934102271
23	4.0030001095751695	7.0	2.9969998904248305
24	4.006538696170512	7.0	2.9934613038294877
25	4.0065388819887	7.0	2.9934611180113
26	4.229364187659102	7.0	2.770635812340898
27	4.3243030885863	7.0	2.6756969114137004
28	4.4021975363976384	7.0	2.5978024636023616
29	4.402213849969339	8.0	3.597786150030661
30	4.530056879444555	8.0	3.4699431205554454
31	4.639781405374224	8.0	3.360218594625776
32	4.6397996759893445	8.0	3.3602003240106555
33	4.815596005644215	8.0	3.184403994355785
34	4.947682380373784	8.0	3.0523176196262156
35	4.975055217020861	8.0	3.024944782979139
36	5.004097798446392	8.0	2.9959022015536076
37	5.043907209933516	9.0	3.956092790066484
38	5.06580444526666	9.0	3.93419555473334
39	5.356107005832465	9.0	3.643892994167535
40	5.361770211234374	9.0	3.638229788765626
41	5.662746603771433	9.0	3.337253396228567
42	5.662747753848286	9.0	3.3372522461517136
43	5.892107904652838	9.0	3.107892095347162
44	6.011843509868018	9.0	2.988156490131982
45	6.011848538308757	9.0	2.988151461691243
46	6.05942884102391	10.0	3.9405711589760903
47	6.059437375923729	10.0	3.9405626240762706
48	6.122675906881331	10.0	3.877324093118669
49	6.147455514537217	10.0	3.852544485462783
50	6.147539738623998	10.0	3.8524602613760024
51	6.333672184189545	10.0	3.6663278158104546
52	6.333835085770826	10.0	3.6661649142291743
53	6.384863025443956	10.0	3.6151369745560444
54	6.426483889512883	10.0	3.573516110487117
55	6.5597220124316955	10.0	3.4402779875683045
56	6.559758213345642	11.0	4.440241786654358
57	6.609296230193224	11.0	4.390703769806776
58	7.0009668096927165	11.0	3.9990331903072835
59	7.075224943276051	11.0	3.9247750567239494
60	7.088439216807609	11.0	3.9115607831923906
61	7.108661184247571	11.0	3.8913388157524293
62	7.199495901576074	11.0	3.800504098423926
63	7.331503487012768	11.0	3.6684965129872316
64	7.331543050239314	11.0	3.668456949760686
65	7.371384317345737	11.0	3.628615682654263
66	7.387054713468977	11.0	3.6129452865310228
67	7.730944276371982	12.0	4.269055723628018
68	7.735158394668425	12.0	4.264841605331575
69	7.969587318501218	12.0	4.030412681498782
70	7.969623456481567	12.0	4.030376543518433
71	8.056496776991203	12.0	3.943503223008797
72	8.225097922417685	12.0	3.7749020775823148
73	8.225110508254838	12.0	3.774889491745162
74	8.308573743066304	12.0	3.6914262569336955
75	8.30861285693038	12.0	3.691387143069621
76	8.425627165257502	12.0	3.5743728347424977
77	8.47937082976965	12.0	3.5206291702303503
78	8.480703490723297	12.0	3.5192965092767032
79	8.482363517349368	13.0	4.517636482650632
80	8.5295725076281	13.0	4.4704274923719005
81	8.529725648878982	13.0	4.470274351121018
82	8.595165120287902	13.0	4.404834879712098
83	8.808608501096796	13.0	4.191391498903204
84	8.808652097400538	13.0	4.191347902599462
85	8.953498312602676	13.0	4.046501687397324
86	8.976791211042572	13.0	4.023208788957428
87	9.07110245192749	13.0	3.9288975480725092
88	9.251006585357208	13.0	3.7489934146427917
89	9.294438043217022	13.0	3.7055619567829776
90	9.473119219616146	13.0	3.5268807803838538
91	9.473157682355183	13.0	3.5268423176448174
92	9.61521939763874	14.0	4.3847806023612605
93	9.863184045894112	14.0	4.136815954105888
94	9.91624762484667	14.0	4.083752375153329
95	9.994231653372482	14.0	4.005768346627518
96	10.053381690354904	14.0	3.946618309645096
97	10.053578792054155	14.0	3.9464212079458445
98	10.060970209845241	14.0	3.939029790154759
99	10.101317789633743	14.0	3.898682210366257
100	10.1579525803486	14.0	3.8420474196514007
101	10.352176233567977	14.0	3.6478237664320226
102	10.352215851728085	14.0	3.6477841482719153
103	10.482949132801949	14.0	3.5170508671980514
104	10.482961612383296	14.0	3.5170383876167044
105	10.496406906581894	14.0	3.5035930934181057
106	10.746679169765196	15.0	4.253320830234804
107	10.746718876351423	15.0	4.253281123648577
108	10.823277387067778	15.0	4.176722612932222
109	10.86184193493676	15.0	4.138158065063241
110	10.984986045781977	15.0	4.015013954218023
111	11.043942765504834	15.0	3.956057234495166
112	11.044000473051653	15.0	3.9559995269483466
113	11.142342277014137	15.0	3.857657722985863
114	11.142407988587685	15.0	3.857592011412315
115	11.358726858276114	15.0	3.641273141723886
116	11.423843656479375	15.0	3.5761563435206245
117	11.632540945865655	15.0	3.367459054134345
118	11.633327148175526	15.0	3.3666728518244735
119	11.650695739468313	15.0	3.349304260531687
120	11.684872883951392	15.0	3.3151271160486075
121	11.792980422208206	16.0	4.207019577791794
122	11.838129299417668	16.0	4.161870700582332
123	11.838192085377335	16.0	4.161807914622665
124	12.015711814921124	16.0	3.984288185078876
125	12.01571973948894	16.0	3.98428026051106
126	12.288604545726454	16.0	3.7113954542735463
127	12.313052962388936	16.0	3.6869470376110645
128	12.31566894798659	16.0	3.6843310520134107
129	12.578849569483078	16.0	3.4211504305169225
130	12.659505764583548	16.0	3.340494235416452
131	12.661399219381465	16.0	3.3386007806185347
132	12.665059293623154	16.0	3.3349407063768464
133	12.705016421384526	16.0	3.294983578615474
134	12.871181232916571	16.0	3.1288187670834287
135	12.871271302383409	16.0	3.128728697616591
136	13.0560060892277	16.0	2.943993910772299
137	13.056034621250125	17.0	3.9439653787498745
138	13.137457676021087	17.0	3.8625423239789125
139	13.191275230070286	17.0	3.8087247699297144
140	13.193417335763097	17.0	3.8065826642369025
141	13.360832779205856	17.0	3.6391672207941443
142	13.382967042265687	17.0	3.617032957734313
143	13.383085408736935	17.0	3.6169145912630647
144	13.61462297544058	17.0	3.3853770245594195
145	13.632415769880822	17.0	3.367584230119178
146	13.668167838953712	17.0	3.3318321610462878
147	13.86404686963284	17.0	3.1359531303671595
148	13.864096676622244	17.0	3.1359033233777556
149	14.043701269777586	17.0	2.9562987302224144
150	14.126071316836214	17.0	2.8739286831637862
151	14.126233276763676	17.0	2.873766723236324
152	14.160886585312946	17.0	2.839113414687054
153	14.200211359332533	17.0	2.799788640667467
154	14.254133924271512	18.0	3.745866075728488
155	14.463901752134895	18.0	3.5360982478651053
156	14.526729676748545	18.0	3.4732703232514552
157	14.526783467725025	18.0	3.473216532274975
158	14.726094206508751	18.0	3.2739057934912488
159	14.72641914085184	18.0	3.2735808591481597
160	14.779327883848545	18.0	3.220672116151455
161	14.911083187450267	18.0	3.0889168125497335
162	14.91911681894631	18.0	3.0808831810536894
163	14.921880557053946	18.0	3.078119442946054
164	15.070251176370633	18.0	2.9297488236293674
165	15.083322550903722	18.0	2.9166774490962784
166	15.15155412615285	18.0	2.848445873847149
167	15.151583069376356	18.0	2.848416930623644
168	15.266400982518418	18.0	2.7335990174815823
169	15.358217757864768	18.0	2.641782242135232
170	15.517521070252199	18.0	2.482478929747801
171	15.517606510691461	18.0	2.4823934893085386
172	15.788834000075536	19.0	3.2111659999244644
173	16.008809199825972	19.0	2.991190800174028
174	16.020648299723618	19.0	2.979351700276382
175	16.020711053739305	19.0	2.979288946260695
176	16.049743314868927	19.0	2.950256685131073
177	16.049982432619974	19.0	2.9500175673800264
178	16.305359438460282	19.0	2.6946405615397175
179	16.441024285545595	19.0	2.558975714454405
180	16.543014415846397	19.0	2.4569855841536032
181	16.543167600494275	19.0	2.456832399505725
182	16.58615180291099	19.0	2.4138481970890098
183	16.654654985497682	19.0	2.3453450145023176
184	16.654672261790616	19.0	2.3453277382093844
185	16.739769347194	19.0	2.260230652806001
186	16.80997574205099	19.0	2.190024257949009
187	16.834784490188245	19.0	2.1652155098117554
188	16.83869515704829	19.0	2.1613048429517114
189	16.958151931831257	19.0	2.0418480681687434
190	16.958427305729522	19.0	2.041572694270478
191	16.968496478429383	20.0	3.0315035215706168
192	16.968824996727474	20.0	3.0311750032725264
193	17.316065094055073	20.0	2.683934905944927
194	17.46537030010921	20.0	2.5346296998907896
195	17.507393299021267	20.0	2.492606700978733
196	17.540030710903064	20.0	2.459969289096936
197	17.54044096430135	20.0	2.45955903569865
198	17.606793966403586	20.0	2.393206033596414
199	17.606875181127137	20.0	2.393124818872863
200	17.768119611590585	20.0	2.231880388409415
201	17.808945762885582	20.0	2.191054237114418
202	17.823120227030692	20.0	2.1768797729693077
203	17.877784602809104	20.0	2.122215397190896
204	17.877812921065885	20.0	2.1221870789341146
205	18.214775965223215	20.0	1.7852240347767854
206	18.215961605413607	20.0	1.7840383945863927
207	18.220571866065633	20.0	1.779428133934367
208	18.274533096102573	20.0	1.725466903897427
209	18.587002589599443	20.0	1.412997410400557
210	18.65593450759011	20.0	1.3440654924098894
211	18.713835769509274	21.0	2.2861642304907264
212	18.779750351531067	21.0	2.2202496484689327
213	18.780146599567374	21.0	2.2198534004326262
214	18.960476941954273	21.0	2.0395230580457273
215	18.960501975321247	21.0	2.0394980246787533
216	19.27578838716301	21.0	1.7242116128369886
217	19.296050366709963	21.0	1.703949633290037
218	19.415322519578414	21.0	1.5846774804215862
219	19.446093160854687	21.0	1.5539068391453128
220	19.4461556191594	21.0	1.5538443808406015
221	19.606854815795366	21.0	1.3931451842046343
222	19.60698196217916	21.0	1.3930180378208412
223	19.727700963713602	21.0	1.2722990362863982
224	19.82530281996461	21.0	1.1746971800353911
225	19.92250048381211	21.0	1.0774995161878884
226	19.973473674674853	21.0	1.0265263253251469
227	19.97389923033252	21.0	1.0261007696674795
228	19.98870147570903	21.0	1.0112985242909716
229	20.041194579572963	21.0	0.9588054204270371
230	20.158495608562767	21.0	0.8415043914372333
231	20.158550508913766	21.0	0.8414494910862338
232	20.219448677792037	22.0	1.7805513222079625
233	20.30203329683348	22.0	1.6979667031665215
234	20.331647453745113	22.0	1.6683525462548872
235	20.331950861509853	22.0	1.6680491384901472
236	20.444737954280885	22.0	1.5552620457191146
237	20.606000076533086	22.0	1.3939999234669145
238	20.606300761069182	22.0	1.393699238930818
239	20.67559768014701	22.0	1.3244023198529895
240	20.714150842085296	22.0	1.2858491579147042
241	20.79906984247551	22.0	1.200930157524489
242	20.799523439294642	22.0	1.2004765607053578
243	20.875093146630284	22.0	1.1249068533697155
244	21.079252428636643	22.0	0.920747571363357
245	21.262457286601496	22.0	0.7375427133985042
246	21.340134448754593	22.0	0.6598655512454066
247	21.340227184470372	22.0	0.6597728155296281
248	21.496407714927358	22.0	0.5035922850726422
249	21.496791573544453	22.0	0.5032084264555472
250	21.57396479485718	22.0	0.42603520514282067
251	21.578223414754067	22.0	0.421776585245933
252	21.646682025527763	22.0	0.3533179744722368
253	21.78035237223136	22.0	0.21964762776864077
254	21.7805640808884	23.0	1.2194359191116
255	21.806658480762366	23.0	1.1933415192376344
256	22.084376955748787	23.0	0.9156230442512125
257	22.433155842168574	23.0	0.5668441578314258
258	22.453741205234394	23.0	0.5462587947656061
259	22.497426183938064	23.0	0.5025738160619362
260	22.497472411388177	23.0	0.502527588611823
261	22.58020843315334	23.0	0.4197915668466585
262	22.69001137048431	23.0	0.30998862951568995
263	22.69072726154354	23.0	0.3092727384564604
264	22.71480393272171	23.0	0.2851960672782887
265	22.72763785660918	23.0	0.27236214339081855
266	22.816227370680227	23.0	0.18377262931977256
267	22.81632585077931	23.0	0.18367414922068903
268	22.972266743317057	23.0	0.02773325668294291
269	23.140003671116986	23.0	0.14000367111698608
270	23.14292641350279	23.0	0.14292641350278856
271	23.151474762818193	23.0	0.15147476281819294
272	23.25197073082541	23.0	0.2519707308254091
273	23.33715382715068	23.0	0.3371538271506793
274	23.451244123800286	23.0	0.45124412380028645
275	23.451569237231627	23.0	0.45156923723162734
276	23.601751989580265	23.0	0.601751989580265
277	23.714449401501607	24.0	0.2855505984983928
278	23.74588017335985	24.0	0.2541198266401494
279	23.87293986213116	24.0	0.1270601378688383
280	23.872954760652483	24.0	0.12704523934751677
281	23.997720635213785	24.0	0.0022793647862151545
282	24.187095370123934	24.0	0.1870953701239344
283	24.365321328649568	24.0	0.3653213286495678
284	24.36605892651505	24.0	0.36605892651504846
285	24.390933110875363	24.0	0.39093311087536264
286	24.58790982854023	24.0	0.58790982854023
287	24.588336602236172	24.0	0.588336602236172
288	24.637823132783907	24.0	0.6378231327839075
289	24.64073353037186	24.0	0.6407335303718611
290	24.78285161488865	24.0	0.7828516148886493
291	24.78292732940999	24.0	0.7829273294099899
292	24.801849987916697	24.0	0.8018499879166967
293	24.947910947129856	24.0	0.9479109471298557
294	24.94853986339076	24.0	0.94853986339076
295	24.95761201017131	24.0	0.9576120101713101
296	25.174655291490172	24.0	1.174655291490172
297	25.220949627749647	24.0	1.220949627749647
298	25.48601304376309	24.0	1.4860130437630907
299	25.486118359103514	24.0	1.4861183591035143
300	25.53143787097931	24.0	1.5314378709793104
301	25.531469674071428	25.0	0.5314696740714275
302	25.592549278864933	25.0	0.5925492788649329
303	25.65630315547159	25.0	0.6563031554715906
304	25.656430542924532	25.0	0.6564305429245323
305	25.74440143169055	25.0	0.7444014316905516
306	25.804112186454805	25.0	0.8041121864548053
307	25.83891342386863	25.0	0.8389134238686289
308	25.987457562688387	25.0	0.9874575626883875
309	25.99967984338275	25.0	0.9996798433827507
310	26.00024286731075	25.0	1.0002428673107495
311	26.10144179887576	25.0	1.1014417988757614
312	26.169354282649692	25.0	1.1693542826496923
313	26.263758932720666	25.0	1.2637589327206662
314	26.264235120650817	25.0	1.2642351206508167
315	26.35213843560221	25.0	1.3521384356022104
316	26.46932547790383	25.0	1.4693254779038298
317	26.67480481209709	25.0	1.67480481209709
318	26.6748385852653	25.0	1.6748385852652987
319	26.989288338785812	25.0	1.989288338785812
320	27.00744387565945	25.0	2.007443875659451
321	27.007627553461884	25.0	2.0076275534618837
322	27.026454386034388	25.0	2.0264543860343878
323	27.15757513458171	25.0	2.157575134581709
324	27.17584585040216	25.0	2.1758458504021583
325	27.302337475671376	25.0	2.3023374756713757
326	27.392998558392076	26.0	1.392998558392076
327	27.39361580969665	26.0	1.3936158096966516
328	27.518790498304785	26.0	1.518790498304785
329	27.574882267238248	26.0	1.574882267238248
330	27.68739403411969	26.0	1.6873940341196914
331	27.74353547398955	26.0	1.7435354739895494
332	27.74412187634467	26.0	1.7441218763446713
333	28.038512492315263	26.0	2.038512492315263
334	28.133704379477678	26.0	2.1337043794776775
335	28.133845487027017	26.0	2.133845487027017
336	28.26297877954454	26.0	2.2629787795445395
337	28.623030051980678	26.0	2.6230300519806775
338	28.86884628921261	26.0	2.868846289212609
339	28.869011001138073	26.0	2.869011001138073
340	28.942705712458547	26.0	2.9427057124585474
341	28.97093941454009	26.0	2.9709394145400907
342	29.03054274600081	26.0	3.0305427460008083
343	29.047475448780713	26.0	3.0474754487807125
344	29.047872928945182	26.0	3.047872928945182
345	29.057587063524903	26.0	3.0575870635249025
346	29.069286742742605	26.0	3.069286742742605
347	29.254892336215452	26.0	3.254892336215452
348	29.254919861250762	26.0	3.2549198612507624
349	29.324830164826626	26.0	3.3248301648266256
350	29.511162683810912	26.0	3.5111626838109125
351	29.581027654431704	26.0	3.581027654431704
352	29.581320696890145	27.0	2.5813206968901454
353	29.60516681201255	27.0	2.6051668120125484
354	29.802079603524426	27.0	2.802079603524426
355	29.834435053597346	27.0	2.834435053597346
356	29.834864983647886	27.0	2.8348649836478863
357	29.864160692656256	27.0	2.864160692656256
358	29.95550195916316	27.0	2.9555019591631613
359	29.962589532364923	27.0	2.962589532364923
360	29.96452064978148	27.0	2.9645206497814804
361	30.146580074358173	27.0	3.146580074358173
362	30.154677509428858	27.0	3.1546775094288577
363	30.24469799882661	27.0	3.2446979988266094
364	30.260151541422943	27.0	3.2601515414229425
365	30.26029671732765	27.0	3.2602967173276483
366	30.448456150105535	27.0	3.4484561501055353
367	30.448796846731767	27.0	3.448796846731767
368	30.53125198649884	27.0	3.531251986498841
369	30.578517628137497	27.0	3.5785176281374973
370	30.578620881318088	27.0	3.5786208813180878
371	30.623277478321327	27.0	3.6232774783213273
372	30.84415542623222	27.0	3.84415542623222
373	30.84432018856423	27.0	3.844320188564229
374	30.922673683827572	27.0	3.922673683827572
375	31.039269193517327	27.0	4.0392691935173275
376	31.107665868652905	27.0	4.107665868652905
377	31.314061079432456	27.0	4.314061079432456
378	31.34281065201436	27.0	4.342810652014361
379	31.34422016874193	28.0	3.3442201687419306
380	31.59452589758821	28.0	3.594525897588209
381	31.62092810943909	28.0	3.6209281094390917
382	31.725275636205996	28.0	3.725275636205996
383	31.725611502530732	28.0	3.7256115025307324
384	32.0531808457577	28.0	4.053180845757701
385	32.08874821705947	28.0	4.088748217059468
386	32.15260860246473	28.0	4.152608602464731
387	32.15937949512605	28.0	4.159379495126053
388	32.16169185141991	28.0	4.16169185141991
389	32.27420951075244	28.0	4.274209510752442
390	32.27424979496632	28.0	4.274249794966323
391	32.31709078043103	28.0	4.31709078043103
392	32.66058215800124	28.0	4.66058215800124
393	32.66545380278886	28.0	4.665453802788861
394	32.66556498167224	28.0	4.66556498167224
395	32.97238395316255	28.0	4.972383953162549
396	33.05117537462391	28.0	5.051175374623909
397	33.231806614245684	28.0	5.231806614245684
398	33.235193739837406	28.0	5.235193739837406
399	33.25326935170212	28.0	5.253269351702123
400	33.31453014089643	28.0	5.31453014089643
401	33.40016106040863	28.0	5.400161060408628
402	33.43111900572693	28.0	5.431119005726927
403	33.432627560847806	28.0	5.432627560847806
404	33.46938067711628	28.0	5.469380677116277
405	33.56238633575413	28.0	5.562386335754127
406	33.56257807349831	28.0	5.562578073498308
407	33.73343274719779	29.0	4.733432747197789
408	33.84501098153332	29.0	4.845010981533321
409	33.84528877001631	29.0	4.84528877001631
410	33.95861798701895	29.0	4.958617987018947
411	33.968787839822724	29.0	4.968787839822724
412	34.19918894359494	29.0	5.19918894359494
413	34.25010869402473	29.0	5.250108694024732
414	34.327184104689934	29.0	5.327184104689934
415	34.32762676139568	29.0	5.327626761395678
416	34.36318407761149	29.0	5.363184077611493
417	34.704423391147344	29.0	5.704423391147344
418	34.8001968529826	29.0	5.800196852982602
419	34.8004915213332	29.0	5.8004915213332
420	34.92118133500912	29.0	5.921181335009123
421	34.9217963924555	29.0	5.921796392455498
422	34.95368313099872	29.0	5.953683130998719
423	34.965108583776804	29.0	5.965108583776804
424	35.21018499254257	29.0	6.2101849925425725
425	35.571873823154846	29.0	6.571873823154846
426	35.674478365892966	29.0	6.674478365892966
427	35.676128427775616	29.0	6.676128427775616
428	35.68744380953061	29.0	6.687443809530613
429	35.71671565011144	29.0	6.716715650111439
430	35.786729609073966	29.0	6.786729609073966
431	35.88850771809373	29.0	6.888507718093727
432	35.89000865963176	29.0	6.890008659631761
433	35.92012835627293	29.0	6.920128356272933
434	36.04241549027509	29.0	7.04241549027509
435	36.04249462820096	29.0	7.042494628200963
436	36.09682013777223	30.0	6.096820137772227
437	36.26806310676157	30.0	6.2680631067615735
438	36.35290768440802	30.0	6.352907684408017
439	36.402793356908454	30.0	6.402793356908454
440	36.51290834063045	30.0	6.512908340630453
441	36.513386704878265	30.0	6.513386704878265
442	36.61428940576961	30.0	6.614289405769611
443	36.673877158229814	30.0	6.673877158229814
444	36.69495811543422	30.0	6.694958115434218
445	36.83579210865944	30.0	6.83579210865944
446	36.83620073570124	30.0	6.83620073570124
447	37.019776442994775	30.0	7.019776442994775
448	37.07041046570735	30.0	7.070410465707347
449	37.12909740360725	30.0	7.129097403607247
450	37.13001923871389	30.0	7.130019238713892
451	37.1465454090788	30.0	7.146545409078797
452	37.14671585185689	30.0	7.146715851856889
453	37.40153962431783	30.0	7.401539624317827
454	37.401810109516454	30.0	7.401810109516454
455	37.46893759913663	30.0	7.4689375991366305
456	37.50997221012729	30.0	7.509972210127287
457	37.63228905272889	30.0	7.632289052728893
458	37.632437027478154	30.0	7.632437027478154
459	37.67172651539444	30.0	7.67172651539444
460	37.80404820614628	30.0	7.804048206146277
461	37.980587894849336	30.0	7.980587894849336
462	38.00851633331472	30.0	8.008516333314716
463	38.00912633747807	30.0	8.009126337478072
464	38.033373995714285	30.0	8.033373995714285
465	38.03487709792904	30.0	8.03487709792904
466	38.042411043292226	31.0	7.042411043292226
467	38.339596748831966	31.0	7.3395967488319656
468	38.38589193274769	31.0	7.38589193274769
469	38.721225105765186	31.0	7.7212251057651855
470	38.7213034490754	31.0	7.7213034490754
471	38.892169351879794	31.0	7.892169351879794
472	38.94574235421036	31.0	7.94574235421036
473	38.98723410482881	31.0	7.987234104828808
474	38.98894365017791	31.0	7.988943650177909
475	39.045381849130266	31.0	8.045381849130266
476	39.131156438143115	31.0	8.131156438143115
477	39.13330548183508	31.0	8.13330548183508
478	39.13358399392115	31.0	8.13358399392115
479	39.51825797380089	31.0	8.518257973800893
480	39.57664274086385	31.0	8.576642740863853
481	39.74622913558551	31.0	8.746229135585509
482	39.86563594266598	31.0	8.865635942665982
483	39.86638768449609	31.0	8.86638768449609
484	39.9929886883147	31.0	8.992988688314703
485	39.99344850069205	31.0	8.993448500692047
486	39.999827211045655	31.0	8.999827211045655
487	40.111084029204896	31.0	9.111084029204896
488	40.214858138261754	31.0	9.214858138261754
489	40.65660579133799	31.0	9.656605791337988
490	40.82440963265629	31.0	9.824409632656291
491	40.82461300976261	31.0	9.824613009762608
492	40.88445556216281	31.0	9.884455562162813
493	40.88467035467983	31.0	9.884670354679827
494	40.961326755164784	31.0	9.961326755164784
495	40.98853240517229	31.0	9.988532405172293
496	41.09565934752501	31.0	10.095659347525007
497	41.350090614932796	32.0	9.350090614932796
498	41.50112449759863	32.0	9.501124497598632
499	41.52009778728721	32.0	9.520097787287213
500	41.5237271605392	32.0	9.523727160539202
501	41.53478497205717	32.0	9.534784972057167
502	41.56771941705448	32.0	9.567719417054477
503	41.567790255021826	32.0	9.567790255021826
504	41.64769565209437	32.0	9.64769565209437
505	41.71410018064015	32.0	9.714100180640152
506	41.747191784413	32.0	9.747191784412998
507	41.8124840006762	32.0	9.8124840006762
508	41.81259489871026	32.0	9.812594898710259
509	41.991237057961214	32.0	9.991237057961214
510	41.99200149019784	32.0	9.992001490197843
511	42.11956572204392	32.0	10.119565722043923
512	42.323522889393104	32.0	10.323522889393104
513	42.5335198719349	32.0	10.5335198719349
514	42.63566076910855	32.0	10.635660769108547
515	42.671985361298475	32.0	10.671985361298475
516	42.673681436142004	32.0	10.673681436142004
517	42.74339999182897	32.0	10.743399991828973
518	42.86388790399515	32.0	10.863887903995149
519	42.86404799822999	32.0	10.864047998229992
520	42.96483580760773	32.0	10.964835807607727
521	42.96519770353528	32.0	10.965197703535281
522	43.22152542251074	32.0	11.221525422510737
523	43.259142733351844	32.0	11.259142733351844
524	43.307365124133966	32.0	11.307365124133966
525	43.345220108401854	32.0	11.345220108401854
526	43.38424394911766	32.0	11.38424394911766
527	43.488246042019604	32.0	11.488246042019604
528	43.5907111354932	32.0	11.590711135493201
529	43.59317812841253	33.0	10.593178128412532
530	43.59679139998446	33.0	10.596791399984461
531	43.75189946556673	33.0	10.75189946556673
532	43.75218815929075	33.0	10.752188159290753
533	43.90222118016747	33.0	10.902221180167473
534	43.90238132543658	33.0	10.90238132543658
535	44.139177019608965	33.0	11.139177019608965
536	44.24418393578166	33.0	11.244183935781663
537	44.52421245445565	33.0	11.52421245445565
538	44.53004766595273	33.0	11.53004766595273
539	44.53982776638769	33.0	11.539827766387688
540	44.83065356111468	33.0	11.83065356111468
541	44.90686926582666	33.0	11.906869265826657
542	45.053994194016674	33.0	12.053994194016674
543	45.05452616597991	33.0	12.054526165979908
544	45.09781818333976	33.0	12.097818183339761
545	45.220259160604655	33.0	12.220259160604655
546	45.224023457307155	33.0	12.224023457307155
547	45.2269972551901	33.0	12.2269972551901
548	45.364145842040266	33.0	12.364145842040266
549	45.36426141973672	33.0	12.36426141973672
550	45.453899851692285	33.0	12.453899851692285
551	45.475787094096745	33.0	12.475787094096745
552	45.48742820226399	33.0	12.487428202263992
553	45.513837826917964	33.0	12.513837826917964
554	45.56792893440592	33.0	12.56792893440592
555	45.56811728526162	33.0	12.568117285261621
556	45.779933863017185	33.0	12.779933863017185
557	45.9591038222125	33.0	12.959103822212498
558	45.98389251976438	33.0	12.983892519764382
559	45.9851418566599	33.0	12.9851418566599
560	46.02328402293671	33.0	13.023284022936707
561	46.072029737000996	33.0	13.072029737000996
562	46.17669566760417	34.0	12.176695667604172
563	46.17734878252959	34.0	12.177348782529592
564	46.312227806898214	34.0	12.312227806898214
565	46.31231940291533	34.0	12.312319402915328
566	46.45571827186078	34.0	12.455718271860782
567	46.567163277361146	34.0	12.567163277361146
568	46.606910058363034	34.0	12.606910058363034
569	46.61568410541103	34.0	12.615684105411027
570	46.72466730865056	34.0	12.72466730865056
571	46.725609311137816	34.0	12.725609311137816
572	47.04744195237152	34.0	13.047441952371521
573	47.22767549650708	34.0	13.227675496507082
574	47.31284326618782	34.0	13.31284326618782
575	47.31286476217986	34.0	13.312864762179863
576	47.42542404197732	34.0	13.425424041977323
577	47.45930154739625	34.0	13.459301547396251
578	47.461691582787466	34.0	13.461691582787466
579	47.79885015334747	34.0	13.798850153347473
580	47.844378800327256	34.0	13.844378800327256
581	48.32876984248959	34.0	14.328769842489592
582	48.32909634134796	34.0	14.329096341347963
583	48.62503654662292	34.0	14.625036546622923
584	48.65601467585818	34.0	14.65601467585818
585	48.71034713798648	34.0	14.710347137986481
586	48.71210117567621	34.0	14.71210117567621
587	48.778677672560605	34.0	14.778677672560605
588	48.887813256447934	34.0	14.887813256447934
589	49.03488888551728	34.0	15.034888885517283
590	49.0352684974404	34.0	15.035268497440399
591	49.168894785460644	34.0	15.168894785460644
592	49.251654087907035	34.0	15.251654087907035
593	49.346929710576646	34.0	15.346929710576646
594	49.61195071197872	34.0	15.611950711978722
595	49.61250985734399	34.0	15.612509857343987
596	49.71579842004266	35.0	14.71579842004266
597	49.98922102693729	35.0	14.989221026937287
598	50.019323377186176	35.0	15.019323377186176
599	50.176746963591874	35.0	15.176746963591874
600	50.177026400966255	35.0	15.177026400966255
601	50.19127144030893	35.0	15.191271440308931
602	50.19322890072608	35.0	15.193228900726083
603	50.22728127759082	35.0	15.22728127759082
604	50.29683647086294	35.0	15.296836470862942
605	50.6368756399127	35.0	15.636875639912702
606	50.63840289863617	35.0	15.638402898636173
607	50.69569909874795	35.0	15.695699098747951
608	50.70119008196984	35.0	15.701190081969841
609	50.764328042542715	35.0	15.764328042542715
610	50.808941237536885	35.0	15.808941237536885
611	50.809219779959534	35.0	15.809219779959534
612	51.362999279389584	35.0	16.362999279389584
613	51.484783741488116	35.0	16.484783741488116
614	51.56880940554287	35.0	16.568809405542872
615	51.67888485620357	35.0	16.678884856203567
616	51.67918640212186	35.0	16.679186402121857
617	51.75184182620676	35.0	16.751841826206757
618	51.76402009410507	35.0	16.76402009410507
619	51.76434398769797	35.0	16.76434398769797
620	51.871599697150295	35.0	16.871599697150295
621	51.88022765751098	35.0	16.88022765751098
622	51.927436131486395	35.0	16.927436131486395
623	52.089786073448714	35.0	17.089786073448714
624	52.118236465444156	35.0	17.118236465444156
625	52.12095881041518	35.0	17.120958810415182
626	52.125972524159906	35.0	17.125972524159906
627	52.223515715058994	35.0	17.223515715058994
628	52.22384455916245	35.0	17.22384455916245
629	52.2505359443689	35.0	17.2505359443689
630	52.31903002104771	35.0	17.31903002104771
631	52.460974067752396	36.0	16.460974067752396
632	52.47159352946779	36.0	16.47159352946779
633	52.472204594652155	36.0	16.472204594652155
634	52.538218922846575	36.0	16.538218922846575
635	52.723701663591136	36.0	16.723701663591136
636	52.72404384575885	36.0	16.72404384575885
637	52.7320260415883	36.0	16.7320260415883
638	52.80741512636594	36.0	16.80741512636594
639	52.81572721438889	36.0	16.815727214388893
640	52.81663700457109	36.0	16.816637004571092
641	53.027971510501565	36.0	17.027971510501565
642	53.16448957372052	36.0	17.164489573720523
643	53.16465123187872	36.0	17.16465123187872
644	53.74913147827749	36.0	17.74913147827749
645	53.75604928487544	36.0	17.756049284875438
646	53.90407829702432	36.0	17.90407829702432
647	53.90463316293506	36.0	17.904633162935063
648	54.32816356862156	36.0	18.328163568621562
649	54.32865466542368	36.0	18.328654665423677
650	54.34242699585625	36.0	18.34242699585625
651	54.48219322388315	36.0	18.48219322388315
652	54.61312865056028	36.0	18.613128650560277
653	54.67452924345642	36.0	18.67452924345642
654	54.674589495767115	36.0	18.674589495767115
655	54.91301114565476	36.0	18.913011145654757
656	54.94655625766786	36.0	18.946556257667858
657	54.948127593569076	36.0	18.948127593569076
658	54.99174912467121	36.0	18.99174912467121
659	55.07352540581632	36.0	19.07352540581632
660	55.13637149710482	36.0	19.136371497104818
661	55.136746615764075	36.0	19.136746615764075
662	55.14459754924899	36.0	19.144597549248992
663	55.21530674415452	36.0	19.215306744154518
664	55.216058135270856	36.0	19.216058135270856
665	55.29666834090726	36.0	19.29666834090726
666	55.478834109246655	36.0	19.478834109246655
667	55.54569169086853	37.0	18.54569169086853
668	55.61412055710298	37.0	18.61412055710298
669	55.77840748811306	37.0	18.77840748811306
670	55.77850476064296	37.0	18.77850476064296
671	55.98706646932992	37.0	18.987066469329918
672	56.23698446940973	37.0	19.236984469409727
673	56.31561195779949	37.0	19.31561195779949
674	56.31570840361125	37.0	19.315708403611247
675	56.50445828076771	37.0	19.504458280767707
676	56.504720091388094	37.0	19.504720091388094
677	56.565054130543174	37.0	19.565054130543174
678	56.625684523806974	37.0	19.625684523806974
679	56.691843364326544	37.0	19.691843364326544
680	56.71385533482543	37.0	19.713855334825432
681	56.98395102574489	37.0	19.983951025744886
682	57.11213125264294	37.0	20.11213125264294
683	57.11231436961243	37.0	20.112314369612427
684	57.5354323729173	37.0	20.5354323729173
685	57.62972368180358	37.0	20.629723681803583
686	57.7904359303723	37.0	20.790435930372297
687	57.790592515340045	37.0	20.790592515340045
688	58.04489239167994	37.0	21.044892391679937
689	58.6779060508125	37.0	21.677906050812503
690	58.85543396747097	37.0	21.855433967470972
691	58.85721278339607	37.0	21.857212783396072
692	58.900204372579225	37.0	21.900204372579225
693	58.98419258391222	37.0	21.98419258391222
694	59.26107691350301	37.0	22.26107691350301
695	59.261441210018084	37.0	22.261441210018084
696	59.4632112707685	37.0	22.463211270768497
697	59.614776727426865	37.0	22.614776727426865
698	59.71051207851911	37.0	22.71051207851911
699	59.76373233134488	37.0	22.763732331344883
700	59.76552758055111	37.0	22.765527580551108
701	60.10958366617056	37.0	23.109583666170558
702	60.23093407558152	37.0	23.230934075581523
703	60.23701536854181	37.0	23.23701536854181
704	60.24491626344482	38.0	22.24491626344482
705	60.251355271966105	38.0	22.251355271966105
706	60.348694258635724	38.0	22.348694258635724
707	60.34947304889657	38.0	22.34947304889657
708	60.79933192458024	38.0	22.799331924580237
709	60.806049502445404	38.0	22.806049502445404
710	60.89941108348649	38.0	22.89941108348649
711	60.90078001415196	38.0	22.900780014151962
712	60.938423032534274	38.0	22.938423032534274
713	60.968966232547814	38.0	22.968966232547814
714	61.30982282843996	38.0	23.309822828439962
715	61.31013741486741	38.0	23.310137414867413
716	61.63369949483997	38.0	23.633699494839973
717	62.314072951692154	38.0	24.314072951692154
718	62.31421266668007	38.0	24.31421266668007
719	62.492876609903405	38.0	24.492876609903405
720	62.50854990999657	38.0	24.508549909996567
721	62.624000740197204	38.0	24.624000740197204
722	62.66353200517101	38.0	24.663532005171007
723	62.66410280269084	38.0	24.66410280269084
724	62.76402649890728	38.0	24.764026498907278
725	62.8436769960625	38.0	24.8436769960625
726	62.85382735480538	38.0	24.853827354805382
727	62.854704614342864	38.0	24.854704614342864
728	63.03706649084197	38.0	25.037066490841973
729	63.100928726798365	38.0	25.100928726798365
730	63.101336354047916	38.0	25.101336354047916
731	63.11686411343839	38.0	25.11686411343839
732	63.22363484474503	38.0	25.22363484474503
733	63.27146507697844	38.0	25.271465076978437
734	63.34543368353353	38.0	25.34543368353353
735	63.34596496660555	38.0	25.34596496660555
736	63.608904952117214	38.0	25.608904952117214
737	63.698179566420066	38.0	25.698179566420066
738	63.77444458367686	38.0	25.77444458367686
739	63.77574919969016	38.0	25.77574919969016
740	63.920953034838895	38.0	25.920953034838895
741	63.921499424547854	38.0	25.921499424547854
742	63.949319408924026	39.0	24.949319408924026
743	64.12898537498998	39.0	25.12898537498998
744	64.20147491870111	39.0	25.20147491870111
745	64.47188363391915	39.0	25.47188363391915
746	64.47194475953975	39.0	25.471944759539753
747	64.98850968126777	39.0	25.98850968126777
748	65.01728734369604	39.0	26.01728734369604
749	65.30442706563733	39.0	26.304427065637327
750	65.3267024487388	39.0	26.3267024487388
751	65.4238745734633	39.0	26.423874573463294
752	65.42400421270216	39.0	26.424004212702158
753	65.49695144443794	39.0	26.49695144443794
754	65.49781419698826	39.0	26.49781419698826
755	65.59079792818392	39.0	26.590797928183918
756	65.71719260519605	39.0	26.717192605196047
757	65.7228096328689	39.0	26.722809632868902
758	65.72294489142328	39.0	26.722944891423282
759	66.0355576741281	39.0	27.0355576741281
760	66.56070596464964	39.0	27.560705964649642
761	66.56087049018889	39.0	27.56087049018889
762	66.59482423964255	39.0	27.59482423964255
763	66.72231958880326	39.0	27.72231958880326
764	66.81327242058805	39.0	27.81327242058805
765	66.90713620848727	39.0	27.907136208487273
766	67.09581448414237	39.0	28.095814484142366
767	67.10533038320705	39.0	28.105330383207047
768	67.11649975231562	39.0	28.11649975231562
769	67.16498879047575	39.0	28.164988790475746
770	67.25184074414418	39.0	28.251840744144175
771	67.25201005073309	39.0	28.25201005073309
772	67.40757634040345	39.0	28.407576340403452
773	67.49899442725975	39.0	28.498994427259746
774	67.50037506173501	39.0	28.500375061735014
775	67.53155546213	39.0	28.53155546213
776	67.53162509244873	39.0	28.531625092448735
777	67.66773679948992	39.0	28.667736799489916
778	67.66836389376722	39.0	28.66836389376722
779	68.02614561939919	39.0	29.026145619399188
780	68.1759259985825	39.0	29.1759259985825
781	69.0060940681092	40.0	29.006094068109206
782	69.00637989593724	40.0	29.006379895937243
783	69.2283799438053	40.0	29.228379943805294
784	69.56383011508231	40.0	29.56383011508231
785	70.15727601907739	40.0	30.157276019077386
786	70.36248803444161	40.0	30.36248803444161
787	70.4052176587304	40.0	30.405217658730393
788	70.6551488104283	40.0	30.6551488104283
789	70.65541937568581	40.0	30.65541937568581
790	70.78584289489419	40.0	30.785842894894188
791	70.78617953302881	40.0	30.786179533028815
792	70.89416677163481	40.0	30.894166771634815
793	71.22133647462685	40.0	31.221336474626852
794	71.35359678124873	40.0	31.353596781248726
795	71.35370494617322	40.0	31.353704946173224
796	71.5237862774741	40.0	31.523786277474102
797	71.52403307345493	40.0	31.52403307345493
798	71.58378648533791	40.0	31.58378648533791
799	71.78397499882938	40.0	31.78397499882938
800	71.87376356379816	40.0	31.873763563798164
801	71.88367264110389	40.0	31.883672641103885
802	72.48562242292181	40.0	32.48562242292181
803	72.4873879813354	40.0	32.4873879813354
804	72.5298642819655	40.0	32.5298642819655
805	72.71134590470902	40.0	32.71134590470902
806	72.71207496980102	40.0	32.71207496980102
807	72.80764730683883	40.0	32.80764730683883
808	73.29301269524989	40.0	33.293012695249885
809	73.49056019297373	40.0	33.49056019297373
810	74.00177020599715	40.0	34.00177020599715
811	74.00208986781912	40.0	34.00208986781912
812	74.43344087182861	40.0	34.43344087182861
813	74.43423261319705	40.0	34.434232613197054
814	74.60226790567387	40.0	34.60226790567387
815	74.79601843828935	40.0	34.79601843828935
816	75.28477550023499	40.0	35.284775500234986
817	75.28484362517396	40.0	35.28484362517396
818	75.53215161718057	40.0	35.532151617180574
819	75.755288179128	40.0	35.755288179128
820	75.97574509429317	40.0	35.975745094293174
821	76.57073096232422	41.0	35.57073096232422
822	76.6049812334418	41.0	35.604981233441805
823	76.60994667573414	41.0	35.609946675734136
824	77.07733204246614	41.0	36.07733204246614
825	77.65270157153844	41.0	36.652701571538444
826	77.76121180051234	41.0	36.76121180051234
827	77.76475096870834	41.0	36.76475096870834
828	77.84156782869815	41.0	36.841567828698146
829	78.4542505076989	41.0	37.4542505076989
830	78.46373879696584	41.0	37.46373879696584
831	78.7583926832095	41.0	37.75839268320949
832	78.7592506670393	41.0	37.759250667039296
833	78.93863706319196	41.0	37.93863706319196
834	78.9393072789104	41.0	37.939307278910405
835	79.10642964568345	41.0	38.10642964568345
836	79.31434192073328	41.0	38.314341920733284
837	79.92924028801283	41.0	38.929240288012835
838	80.51290098493443	41.0	39.51290098493443
839	80.51356153892645	41.0	39.51356153892645
840	80.89986980068849	41.0	39.89986980068849
841	81.21630905225919	41.0	40.21630905225919
842	81.2170885679212	41.0	40.217088567921195
843	81.35158987072712	41.0	40.351589870727125
844	81.54035978344345	41.0	40.54035978344345
845	82.71455602716226	41.0	41.71455602716226
846	82.83532247766601	41.0	41.83532247766601
847	82.83721525854607	41.0	41.83721525854607
848	83.18656734869873	41.0	42.18656734869873
849	83.97824897649963	41.0	42.97824897649963
850	83.97843159501494	41.0	42.97843159501494
851	84.2688537771566	41.0	43.26885377715659
852	84.40828032369873	41.0	43.40828032369873
853	85.63721920454037	41.0	44.63721920454037
854	85.63725702270412	41.0	44.63725702270412
855	86.42127631119354	41.0	45.42127631119354
856	86.6555331369991	41.0	45.6555331369991
857	86.781371730314	41.0	45.78137173031401
858	86.78232190559248	41.0	45.78232190559248
859	86.90071769554659	41.0	45.90071769554659
860	87.04108507938385	41.0	46.04108507938385
861	87.82132570739411	41.0	46.82132570739411
862	87.9587915252537	42.0	45.9587915252537
863	87.96029164553939	42.0	45.960291645539385
864	88.51175653691023	42.0	46.51175653691023
865	90.42520826326113	42.0	48.425208263261126
866	90.83150356145708	42.0	48.83150356145708
867	91.10022320289076	42.0	49.10022320289076
868	91.10065245449115	42.0	49.100652454491154
869	92.94774353411057	42.0	50.94774353411057
870	92.948614726494	42.0	50.948614726494
871	93.04981479644108	42.0	51.04981479644108
872	93.13198320785784	42.0	51.13198320785784
873	94.90580289357428	42.0	52.905802893574275
874	94.95256080527487	42.0	52.95256080527487
875	94.956985629194	42.0	52.956985629193994
876	95.28422856307668	42.0	53.28422856307668
877	95.39775367319794	42.0	53.39775367319794
878	95.39783151045984	42.0	53.39783151045984
879	96.29988120393499	42.0	54.29988120393499
880	96.30816309299358	42.0	54.30816309299358
881	100.4739387868727	42.0	58.473938786872694
882	100.61211236486666	42.0	58.61211236486666
883	100.8626160142843	42.0	58.8626160142843
884	100.86295044203258	42.0	58.862950442032584
885	102.90793667549102	42.0	60.907936675491015
886	102.90813067331148	42.0	60.908130673311476
887	103.0496200404852	42.0	61.049620040485195
888	103.05518626495909	42.0	61.05518626495909
889	106.47601142615521	42.0	64.47601142615521
890	106.47610918085712	42.0	64.47610918085712
891	106.80070387734527	42.0	64.80070387734527
892	106.82568064430187	42.0	64.82568064430187
893	111.85491403387621	42.0	69.85491403387621
894	111.86935343655071	42.0	69.86935343655071
895	111.88720809909228	42.0	69.88720809909228
896	111.93352837927091	42.0	69.93352837927091
897	119.90454079027431	42.0	77.90454079027431
898	119.9054677302824	42.0	77.9054677302824
899	119.98767442639247	42.0	77.98767442639247
900	120.01431457661056	42.0	78.01431457661056
