0	0	0	0
1	0.9996400861424064	1.0	0.00035991385759359673
2	1.9996400770818163	2.0	0.00035992291818365274
3	1.9996400771002008	2.0	0.00035992289979924763
4	2.999640068013984	3.0	0.0003599319860159156
5	2.9996467970978187	3.0	0.00035320290218132655
6	2.999646797419184	3.0	0.00035320258081616984
7	3.9996412807187864	4.0	0.0003587192812135598
8	3.999641284324415	4.0	0.00035871567558487527
9	3.999646788040809	4.0	0.00035321195919113535
10	3.999646788380649	4.0	0.00035321161935097933
11	4.304759228825182	5.0	0.6952407711748183
12	4.999641273386062	5.0	0.0003587266139382095
13	4.999641299639639	5.0	0.0003587003603611194
14	4.999653509898832	5.0	0.000346490101168051
15	5.000240168586282	5.0	0.0002401685862816194
16	5.0002401964828636	6.0	0.9997598035171364
17	5.999647969494026	6.0	0.00035203050597409913
18	5.9996479736890445	6.0	0.0003520263109555444
19	5.9998236510141885	6.0	0.00017634898581153635
20	5.999823807648423	6.0	0.0001761923515770647
21	6.0002401538925465	6.0	0.00024015389254650188
22	6.0002401818606765	7.0	0.9997598181393235
23	6.999643117236058	7.0	0.00035688276394196805
24	6.999823704828118	7.0	0.00017629517188222366
25	6.999824040848133	7.0	0.00017595915186685573
26	7.00024689336246	7.0	0.0002468933624601988
27	7.000247038340268	7.0	0.00024703834026773563
28	7.014879755768156	7.0	0.014879755768156144
29	7.014880430934825	8.0	0.9851195690651746
30	7.999826934870047	8.0	0.00017306512995318712
31	7.9998271559392755	8.0	0.00017284406072448633
32	8.000237040650237	8.0	0.0002370406502372191
33	8.000237214586852	8.0	0.00023721458685166397
34	8.006457407555851	8.0	0.0064574075558514465
35	8.006459451388432	8.0	0.006459451388431958
36	8.01487941624665	8.0	0.014879416246650123
37	8.014880095157844	9.0	0.985119904842156
38	8.99982483296676	9.0	0.0001751670332392763
39	8.999851504894467	9.0	0.00014849510553283096
40	9.000843086431388	9.0	0.0008430864313879738
41	9.00645803838051	9.0	0.006458038380509734
42	9.00646101892154	9.0	0.0064610189215397185
43	9.014886806100415	9.0	0.014886806100415484
44	9.014888356095648	9.0	0.014888356095648092
45	9.139442731547236	9.0	0.13944273154723597
46	9.13944856130716	10.0	0.8605514386928395
47	9.615056129790089	10.0	0.38494387020991105
48	9.64332469359594	10.0	0.3566753064040604
49	10.001293109616203	10.0	0.00129310961620277
50	10.001342843788633	10.0	0.0013428437886329192
51	10.006717652354633	10.0	0.0067176523546326194
52	10.006733718853203	10.0	0.0067337188532032854
53	10.015226308438988	10.0	0.015226308438988312
54	10.015249176353946	10.0	0.015249176353945515
55	10.083527088655387	10.0	0.08352708865538716
56	10.083536959229766	11.0	0.9164630407702337
57	10.139449347596864	11.0	0.8605506524031359
58	10.139455118141953	11.0	0.860544881858047
59	11.000282220458105	11.0	0.00028222045810544216
60	11.006439507972686	11.0	0.006439507972686442
61	11.006655511036644	11.0	0.006655511036644413
62	11.015481419022246	11.0	0.015481419022245646
63	11.01550618027559	11.0	0.015506180275590253
64	11.083525141887224	11.0	0.0835251418872236
65	11.083537615589057	11.0	0.08353761558905681
66	11.139450872117116	11.0	0.13945087211711638
67	11.139456695296538	12.0	0.8605433047034623
68	11.591411113808956	12.0	0.40858888619104405
69	11.591433299909651	12.0	0.4085667000903488
70	12.00857273734101	12.0	0.008572737341010495
71	12.008576308648125	12.0	0.00857630864812542
72	12.017828893409947	12.0	0.017828893409946645
73	12.017835422505385	12.0	0.017835422505385168
74	12.083710768839277	12.0	0.08371076883927664
75	12.083720311771147	12.0	0.08372031177114714
76	12.139710448425244	12.0	0.1397104484252445
77	12.139715514248028	12.0	0.13971551424802797
78	12.432204990763278	12.0	0.4322049907632781
79	12.432231846336277	13.0	0.5677681536637227
80	12.591413744987445	13.0	0.40858625501255474
81	12.591435914492411	13.0	0.4085640855075887
82	13.006016920240938	13.0	0.0060169202409383615
83	13.009861077061796	13.0	0.009861077061795953
84	13.029518638804527	13.0	0.029518638804526987
85	13.082844522812278	13.0	0.0828445228122785
86	13.083905923493555	13.0	0.08390592349355508
87	13.139619940166492	13.0	0.13961994016649193
88	13.14007167377859	13.0	0.1400716737785892
89	13.432183489802053	13.0	0.43218348980205334
90	13.432226012324175	13.0	0.43222601232417546
91	13.591402303144104	13.0	0.591402303144104
92	13.591436826430087	14.0	0.4085631735699131
93	14.03483377055775	14.0	0.03483377055774994
94	14.034872830297694	14.0	0.034872830297693724
95	14.089333536755714	14.0	0.08933353675571354
96	14.089373310515747	14.0	0.0893733105157466
97	14.146353755201027	14.0	0.14635375520102656
98	14.146401414048547	14.0	0.14640141404854745
99	14.432364123177983	14.0	0.4323641231779831
100	14.432390374450028	14.0	0.43239037445002815
101	14.539781411987708	14.0	0.5397814119877076
102	14.539832549031427	14.0	0.5398325490314271
103	14.591674677720759	14.0	0.5916746777207589
104	14.591703510293222	14.0	0.5917035102932218
105	14.608839513971127	14.0	0.6088395139711267
106	15.013404627913554	15.0	0.013404627913553568
107	15.082455000595242	15.0	0.08245500059524247
108	15.12526408853981	15.0	0.12526408853980975
109	15.127943914400875	15.0	0.12794391440087516
110	15.154790845514698	15.0	0.15479084551469846
111	15.260281470024392	15.0	0.26028147002439184
112	15.260336512104585	15.0	0.2603365121045851
113	15.431871315214535	15.0	0.4318713152145346
114	15.438307736776734	15.0	0.43830773677673385
115	15.539782874776789	15.0	0.5397828747767885
116	15.539834023328044	15.0	0.5398340233280443
117	15.586408670464921	15.0	0.5864086704649214
118	15.592162725673699	15.0	0.592162725673699
119	16.115150862489497	15.0	1.1151508624894966
120	16.115241176978966	15.0	1.1152411769789659
121	16.210232720505616	16.0	0.2102327205056156
122	16.21053423978932	16.0	0.21053423978932173
123	16.260286042013043	16.0	0.2602860420130426
124	16.260363373788117	16.0	0.2603633737881168
125	16.438458989177814	16.0	0.4384589891778141
126	16.43857062495136	16.0	0.43857062495136034
127	16.538750556377714	16.0	0.538750556377714
128	16.53982361488179	16.0	0.5398236148817901
129	16.599501636988034	16.0	0.5995016369880339
130	16.59960998562265	16.0	0.5996099856226493
131	16.664108160866267	16.0	0.6641081608662667
132	16.79816925386215	16.0	0.7981692538621488
133	17.11685529487085	16.0	1.1168552948708488
134	17.260342147130803	16.0	1.2603421471308032
135	17.26039739989972	16.0	1.2603973998997198
136	17.393571210894038	16.0	1.393571210894038
137	17.42482379085402	17.0	0.42482379085402044
138	17.471406099826375	17.0	0.4714060998263747
139	17.539929602324268	17.0	0.5399296023242677
140	17.53998260445957	17.0	0.5399826044595706
141	17.60769299115365	17.0	0.6076929911536517
142	17.87966320543665	17.0	0.8796632054366498
143	18.042324091551933	17.0	1.042324091551933
144	18.042417703051754	17.0	1.042417703051754
145	18.047963409646748	17.0	1.0479634096467478
146	18.26269101250116	17.0	1.2626910125011612
147	18.265647567982608	17.0	1.265647567982608
148	18.30832864622982	17.0	1.3083286462298211
149	18.308420656339592	17.0	1.3084206563395924
150	18.482577155686254	17.0	1.4825771556862541
151	18.48313007753676	17.0	1.4831300775367602
152	18.540784172932398	17.0	1.5407841729323977
153	18.5504613053376	17.0	1.550461305337599
154	18.652038396422558	18.0	0.652038396422558
155	18.652135270537336	18.0	0.652135270537336
156	18.6993622799508	18.0	0.699362279950801
157	18.700083189557642	18.0	0.7000831895576418
158	19.042324501096452	18.0	1.0423245010964521
159	19.042418138266186	18.0	1.0424181382661857
160	19.262147116533143	18.0	1.2621471165331428
161	19.262301259596146	18.0	1.2623012595961463
162	19.30663644669326	18.0	1.3066364466932612
163	19.544627230296506	18.0	1.5446272302965056
164	19.544837528438425	18.0	1.5448375284384248
165	19.556415251888815	18.0	1.556415251888815
166	19.65205213885032	18.0	1.652052138850319
167	19.652157381187124	18.0	1.6521573811871235
168	19.732682153705877	18.0	1.732682153705877
169	20.040869257474	18.0	2.040869257474
170	20.04239378386064	18.0	2.042393783860639
171	20.059125785512094	18.0	2.0591257855120944
172	20.10863802761177	19.0	1.1086380276117715
173	20.30173509692568	19.0	1.301735096925679
174	20.39123011483048	19.0	1.3912301148304813
175	20.558604635850973	19.0	1.5586046358509726
176	20.590723833261837	19.0	1.590723833261837
177	20.59145417292898	19.0	1.5914541729289802
178	20.65198793797384	19.0	1.6519879379738391
179	20.652085897897088	19.0	1.6520858978970878
180	20.66900096168065	19.0	1.6690009616806485
181	20.933777652333774	19.0	1.9337776523337737
182	20.933848541931766	19.0	1.9338485419317664
183	21.042707655937594	19.0	2.042707655937594
184	21.04280660077288	19.0	2.042806600772881
185	21.264423610466565	19.0	2.264423610466565
186	21.26551758649889	19.0	2.2655175864988912
187	21.597846335509097	19.0	2.5978463355090966
188	21.62651506967792	19.0	2.6265150696779216
189	21.627706657082076	19.0	2.6277066570820757
190	21.652238296519666	19.0	2.6522382965196662
191	21.655269232586388	20.0	1.655269232586388
192	22.04364144126602	20.0	2.0436414412660184
193	22.044407852971787	20.0	2.044407852971787
194	22.09348158603754	20.0	2.093481586037541
195	22.12548366774747	20.0	2.1254836677474707
196	22.12563794670813	20.0	2.1256379467081317
197	22.34035476209337	20.0	2.3403547620933693
198	22.48828153269533	20.0	2.4882815326953285
199	22.638417239244536	20.0	2.6384172392445358
200	22.638574444657866	20.0	2.6385744446578663
201	22.645464621373865	20.0	2.645464621373865
202	22.64572325053512	20.0	2.64572325053512
203	22.688597143158923	20.0	2.6885971431589226
204	23.017767305203748	20.0	3.0177673052037477
205	23.01836273398941	20.0	3.0183627339894095
206	23.043456672472143	20.0	3.043456672472143
207	23.11321983812789	20.0	3.1132198381278897
208	23.125437725146373	20.0	3.125437725146373
209	23.125588882750392	20.0	3.1255888827503924
210	23.13333085627381	20.0	3.1333308562738083
211	23.134164602023787	21.0	2.1341646020237874
212	23.247577455785702	21.0	2.2475774557857022
213	23.24975452667627	21.0	2.24975452667627
214	23.638421502428695	21.0	2.638421502428695
215	23.63857891998764	21.0	2.6385789199876406
216	23.66728088271475	21.0	2.667280882714749
217	23.679305539586387	21.0	2.6793055395863874
218	23.9036975416484	21.0	2.9036975416483983
219	23.905198756851373	21.0	2.905198756851373
220	24.06495382089365	21.0	3.064953820893649
221	24.106474715245604	21.0	3.1064747152456036
222	24.11390290011449	21.0	3.113902900114489
223	24.12557172640888	21.0	3.1255717264088787
224	24.125897712327514	21.0	3.1258977123275145
225	24.537474410163817	21.0	3.537474410163817
226	24.539378028854788	21.0	3.539378028854788
227	24.63850118079835	21.0	3.6385011807983503
228	24.638657700289716	21.0	3.6386577002897162
229	24.675174125223908	21.0	3.675174125223908
230	25.058415282455968	21.0	4.058415282455968
231	25.06107980752818	21.0	4.061079807528181
232	25.12527356565085	22.0	3.1252735656508506
233	25.125427612148613	22.0	3.125427612148613
234	25.13716464639813	22.0	3.13716464639813
235	25.490854964660674	22.0	3.4908549646606737
236	25.492911034838208	22.0	3.492911034838208
237	25.49607544732667	22.0	3.496075447326671
238	25.62266747892035	22.0	3.6226674789203486
239	25.63855962300129	22.0	3.6385596230012887
240	25.63875176872311	22.0	3.638751768723111
241	25.908664124883494	22.0	3.9086641248834937
242	26.092624044831748	22.0	4.092624044831748
243	26.094958313473736	22.0	4.094958313473736
244	26.12674322341089	22.0	4.126743223410891
245	26.126884431321173	22.0	4.126884431321173
246	26.206101430201482	22.0	4.206101430201482
247	26.23381033709777	22.0	4.233810337097768
248	26.504165752529527	22.0	4.504165752529527
249	26.50632098040993	22.0	4.506320980409932
250	26.599585828023194	22.0	4.599585828023194
251	26.644739781411573	22.0	4.644739781411573
252	26.64486431798889	22.0	4.64486431798889
253	26.825411170217947	22.0	4.825411170217947
254	26.8256522638976	23.0	3.8256522638975987
255	26.825716114688863	23.0	3.8257161146888627
256	27.124718745626197	23.0	4.124718745626197
257	27.12490488884357	23.0	4.12490488884357
258	27.25472465796906	23.0	4.25472465796906
259	27.254968455408463	23.0	4.254968455408463
260	27.34988917584921	23.0	4.34988917584921
261	27.35036828895316	23.0	4.35036828895316
262	27.520001702423812	23.0	4.520001702423812
263	27.64347016387459	23.0	4.643470163874589
264	27.648177892069253	23.0	4.648177892069253
265	27.825408745295512	23.0	4.825408745295512
266	27.82564993014695	23.0	4.825649930146952
267	28.08538783774408	23.0	5.085387837744079
268	28.09023470646623	23.0	5.09023470646623
269	28.132526820121907	23.0	5.132526820121907
270	28.15166709638516	23.0	5.151667096385161
271	28.25471056978097	23.0	5.254710569780968
272	28.25495642283863	23.0	5.254956422838632
273	28.28531557282548	23.0	5.285315572825478
274	28.369294168361392	23.0	5.369294168361392
275	28.660422852902226	23.0	5.660422852902226
276	28.726361385794014	23.0	5.726361385794014
277	28.72681929263395	24.0	4.726819292633952
278	28.825422761960397	24.0	4.825422761960397
279	28.82566626667734	24.0	4.8256662666773416
280	28.999365018768344	24.0	4.999365018768344
281	28.99980107755252	24.0	4.999801077552519
282	29.170531205735887	24.0	5.170531205735887
283	29.171045512793835	24.0	5.171045512793835
284	29.25474547905945	24.0	5.254745479059451
285	29.25499011453045	24.0	5.25499011453045
286	29.373138706656857	24.0	5.3731387066568566
287	29.438110587334815	24.0	5.4381105873348154
288	29.67665117873312	24.0	5.67665117873312
289	29.749603504315065	24.0	5.749603504315065
290	29.75260383163897	24.0	5.752603831638972
291	29.77101739714219	24.0	5.771017397142192
292	29.825963002442265	24.0	5.825963002442265
293	29.8262105257166	24.0	5.826210525716601
294	29.984620455473703	24.0	5.984620455473703
295	30.25446450438019	24.0	6.254464504380191
296	30.255577893445807	24.0	6.255577893445807
297	30.30570029342207	24.0	6.3057002934220705
298	30.357562307135524	24.0	6.357562307135524
299	30.359694696199288	24.0	6.359694696199288
300	30.532059631283	24.0	6.532059631283001
301	30.633324726776124	25.0	5.633324726776124
302	30.82729306795857	25.0	5.827293067958571
303	30.829053645977243	25.0	5.829053645977243
304	31.23853820961174	25.0	6.23853820961174
305	31.23876966480993	25.0	6.238769664809929
306	31.275730068402797	25.0	6.2757300684027975
307	31.27597411164908	25.0	6.275974111649081
308	31.592073216694736	25.0	6.592073216694736
309	31.612489847865486	25.0	6.612489847865486
310	31.741243872162574	25.0	6.741243872162574
311	31.743058050149713	25.0	6.743058050149713
312	31.856328951269642	25.0	6.856328951269642
313	31.856910365596708	25.0	6.856910365596708
314	32.174106809633955	25.0	7.174106809633955
315	32.2021866583035	25.0	7.2021866583035035
316	32.202552433702756	25.0	7.202552433702756
317	32.21644929282948	25.0	7.2164492928294806
318	32.25455802930675	25.0	7.25455802930675
319	32.39892252954012	25.0	7.398922529540123
320	32.399914229487656	25.0	7.399914229487656
321	32.503185095438646	25.0	7.503185095438646
322	32.55956806045473	25.0	7.55956806045473
323	32.55993640079725	25.0	7.559936400797248
324	32.76514018756098	25.0	7.765140187560981
325	32.823375736573	25.0	7.823375736572999
326	32.824135176912705	26.0	6.824135176912705
327	32.83262972940145	26.0	6.832629729401447
328	32.86351289158121	26.0	6.863512891581209
329	33.08968975526877	26.0	7.089689755268772
330	33.16619742393049	26.0	7.166197423930491
331	33.20218614774064	26.0	7.20218614774064
332	33.20255199686287	26.0	7.202551996862873
333	33.26735394855786	26.0	7.2673539485578615
334	33.26775063228217	26.0	7.267750632282173
335	33.55957269909393	26.0	7.559572699093927
336	33.5599411390158	26.0	7.559941139015798
337	33.66771148595004	26.0	7.6677114859500435
338	33.76745028883028	26.0	7.7674502888302825
339	33.767611958328644	26.0	7.767611958328644
340	33.93872528292562	26.0	7.938725282925617
341	33.94297417053955	26.0	7.94297417053955
342	34.046693302766144	26.0	8.046693302766144
343	34.20222625435577	26.0	8.202226254355772
344	34.202591997980235	26.0	8.202591997980235
345	34.21588407142139	26.0	8.215884071421392
346	34.30119511915535	26.0	8.301195119155352
347	34.559184185561875	26.0	8.559184185561875
348	34.559551880005856	26.0	8.559551880005856
349	34.7141841494939	26.0	8.714184149493903
350	34.71698241304373	26.0	8.71698241304373
351	35.001906320201314	26.0	9.001906320201314
352	35.01739472732002	27.0	8.017394727320017
353	35.19631363537063	27.0	8.196313635370629
354	35.20227649829404	27.0	8.20227649829404
355	35.202613455103595	27.0	8.202613455103595
356	35.329287946515244	27.0	8.329287946515244
357	35.55991382195256	27.0	8.559913821952563
358	35.56105405451653	27.0	8.561054054516532
359	35.58860872670899	27.0	8.58860872670899
360	35.588844679219385	27.0	8.588844679219385
361	35.70485480620155	27.0	8.704854806201553
362	35.90329478945059	27.0	8.903294789450591
363	35.90392314907563	27.0	8.90392314907563
364	36.07443155197936	27.0	9.074431551979359
365	36.07511449177192	27.0	9.07511449177192
366	36.201538208902356	27.0	9.201538208902356
367	36.20417288742164	27.0	9.204172887421642
368	36.32403315787421	27.0	9.324033157874211
369	36.48255543588371	27.0	9.482555435883711
370	36.556507161994574	27.0	9.556507161994574
371	36.55691516996595	27.0	9.556915169965947
372	36.72073228913197	27.0	9.720732289131973
373	36.75347248547772	27.0	9.753472485477722
374	36.82845138655068	27.0	9.828451386550682
375	36.831317265808174	27.0	9.831317265808174
376	37.19445765283381	27.0	10.194457652833812
377	37.194931061891054	27.0	10.194931061891054
378	37.31934367518049	27.0	10.319343675180491
379	37.321378365286016	28.0	9.321378365286016
380	37.40303341265845	28.0	9.403033412658452
381	37.50221852295414	28.0	9.502218522954138
382	37.51086313126247	28.0	9.510863131262468
383	37.581590560310055	28.0	9.581590560310055
384	37.78057103287276	28.0	9.780571032872757
385	38.05389377983468	28.0	10.05389377983468
386	38.233458315858115	28.0	10.233458315858115
387	38.31391438462412	28.0	10.31391438462412
388	38.35683095963881	28.0	10.356830959638813
389	38.35737713537871	28.0	10.357377135378712
390	38.40998363894003	28.0	10.409983638940027
391	38.415614805733775	28.0	10.415614805733775
392	38.540426694825356	28.0	10.540426694825356
393	38.54132773064108	28.0	10.541327730641079
394	38.65249464984239	28.0	10.652494649842389
395	38.65304331550961	28.0	10.653043315509613
396	38.771227437742944	28.0	10.771227437742944
397	39.08062025108449	28.0	11.08062025108449
398	39.08081305092502	28.0	11.080813050925023
399	39.1783902106986	28.0	11.178390210698602
400	39.35682869372124	28.0	11.35682869372124
401	39.357374936526384	28.0	11.357374936526384
402	39.38085597930204	28.0	11.38085597930204
403	39.4980363160966	28.0	11.498036316096602
404	39.498990949242256	28.0	11.498990949242256
405	39.5909117984597	28.0	11.5909117984597
406	39.65249541600088	28.0	11.652495416000882
407	39.653044142209396	29.0	10.653044142209396
408	39.81133562399912	29.0	10.81133562399912
409	39.93148306815917	29.0	10.931483068159167
410	39.932371306572726	29.0	10.932371306572726
411	40.16103727279853	29.0	11.16103727279853
412	40.296018536385105	29.0	11.296018536385105
413	40.29672213670607	29.0	11.296722136706073
414	40.34957151742151	29.0	11.34957151742151
415	40.35204523249032	29.0	11.352045232490319
416	40.356842458764355	29.0	11.356842458764355
417	40.357387597933176	29.0	11.357387597933176
418	40.48786389982276	29.0	11.487863899822763
419	40.553585223107575	29.0	11.553585223107575
420	40.65250915697074	29.0	11.652509156970737
421	40.65305858235168	29.0	11.653058582351683
422	40.733046819585226	29.0	11.733046819585226
423	40.73357351276898	29.0	11.733573512768977
424	40.87975208716285	29.0	11.87975208716285
425	41.184892597968336	29.0	12.184892597968336
426	41.18536842110545	29.0	12.185368421105451
427	41.35675990576173	29.0	12.356759905761727
428	41.35730890676247	29.0	12.35730890676247
429	41.583875625456315	29.0	12.583875625456315
430	41.652483076005936	29.0	12.652483076005936
431	41.653052405565695	29.0	12.653052405565695
432	41.704708872254095	29.0	12.704708872254095
433	41.78579114775009	29.0	12.78579114775009
434	41.793092952143596	29.0	12.793092952143596
435	41.87611822367942	29.0	12.87611822367942
436	42.16749972326839	30.0	12.167499723268392
437	42.35848756751842	30.0	12.358487567518416
438	42.35958646130303	30.0	12.359586461303032
439	42.53140479258094	30.0	12.531404792580943
440	42.5331339262601	30.0	12.5331339262601
441	42.66499322139696	30.0	12.664993221396962
442	42.66542449072204	30.0	12.665424490722039
443	42.895029871449154	30.0	12.895029871449154
444	43.00933722770596	30.0	13.009337227705963
445	43.13719246687627	30.0	13.137192466876272
446	43.34969776224044	30.0	13.349697762240439
447	43.350330417074396	30.0	13.350330417074396
448	43.46119341288258	30.0	13.46119341288258
449	43.46407818991901	30.0	13.464078189919007
450	43.53793424597006	30.0	13.537934245970057
451	43.65810367082984	30.0	13.658103670829838
452	43.6662651179333	30.0	13.6662651179333
453	43.904001106410895	30.0	13.904001106410895
454	43.990694454796966	30.0	13.990694454796966
455	43.991510390830854	30.0	13.991510390830854
456	44.080945851126735	30.0	14.080945851126735
457	44.18818251774536	30.0	14.18818251774536
458	44.188458611596594	30.0	14.188458611596594
459	44.360637764871576	30.0	14.360637764871576
460	44.38701579881433	30.0	14.387015798814332
461	44.49796950042015	30.0	14.497969500420147
462	44.63530869427951	30.0	14.635308694279509
463	44.63615667704233	30.0	14.63615667704233
464	44.79431540009343	30.0	14.794315400093431
465	45.1320864906641	30.0	15.1320864906641
466	45.13322804588571	31.0	14.133228045885708
467	45.19084950330974	31.0	14.190849503309742
468	45.41515064801168	31.0	14.415150648011682
469	45.417637895295314	31.0	14.417637895295314
470	45.459552974270075	31.0	14.459552974270075
471	45.46906432008699	31.0	14.469064320086993
472	45.469875456706326	31.0	14.469875456706326
473	45.635469881549426	31.0	14.635469881549426
474	45.63672183868551	31.0	14.63672183868551
475	45.67933316696864	31.0	14.67933316696864
476	45.711774659830866	31.0	14.711774659830866
477	45.712588213913676	31.0	14.712588213913676
478	45.83269311345122	31.0	14.83269311345122
479	45.979475317194044	31.0	14.979475317194044
480	46.26266181458122	31.0	15.262661814581222
481	46.373390077894754	31.0	15.373390077894754
482	46.46906327839013	31.0	15.46906327839013
483	46.46987447415452	31.0	15.469874474154523
484	46.561994415127465	31.0	15.561994415127465
485	46.660391296549165	31.0	15.660391296549165
486	46.66161107735181	31.0	15.661611077351807
487	46.71177697813997	31.0	15.711776978139973
488	46.7125905307796	31.0	15.7125905307796
489	46.94510485217369	31.0	15.945104852173692
490	46.94892613040498	31.0	15.948926130404978
491	47.19406975574983	31.0	16.19406975574983
492	47.28342828389781	31.0	16.283428283897813
493	47.28830547986253	31.0	16.28830547986253
494	47.37150257136909	31.0	16.371502571369092
495	47.380194337368145	31.0	16.380194337368145
496	47.46909785686732	31.0	16.46909785686732
497	47.46990853680113	32.0	15.469908536801128
498	47.71173927908024	32.0	15.711739279080241
499	47.712554525476	32.0	15.712554525476001
500	47.83473761819798	32.0	15.834737618197977
501	47.95897512519015	32.0	15.95897512519015
502	48.3221952156213	32.0	16.3221952156213
503	48.32236175934482	32.0	16.322361759344822
504	48.46889008627003	32.0	16.46889008627003
505	48.46970376601162	32.0	16.46970376601162
506	48.59100130076422	32.0	16.59100130076422
507	48.70072565098844	32.0	16.70072565098844
508	48.70109966461271	32.0	16.701099664612713
509	48.711375425039385	32.0	16.711375425039385
510	48.71254411958581	32.0	16.712544119585807
511	48.87097000550303	32.0	16.870970005503032
512	49.00947692741534	32.0	17.009476927415342
513	49.009754003299896	32.0	17.009754003299896
514	49.03187375286392	32.0	17.031873752863923
515	49.08295011058793	32.0	17.08295011058793
516	49.32512041834465	32.0	17.325120418344653
517	49.33728710501389	32.0	17.337287105013893
518	49.430209988016614	32.0	17.430209988016614
519	49.43154885130261	32.0	17.43154885130261
520	49.469842348536815	32.0	17.469842348536815
521	49.47173404117989	32.0	17.471734041179893
522	49.59855700691134	32.0	17.598557006911342
523	49.71179938912797	32.0	17.711799389127968
524	49.712649515482155	32.0	17.712649515482155
525	49.78270421743154	32.0	17.782704217431537
526	49.78315509139859	32.0	17.78315509139859
527	50.16974891716132	32.0	18.16974891716132
528	50.21202607314421	32.0	18.21202607314421
529	50.465040803831215	33.0	17.465040803831215
530	50.46588617989213	33.0	17.46588617989213
531	50.708670598554384	33.0	17.708670598554384
532	50.71722923813999	33.0	17.717229238139993
533	51.12749571974625	33.0	18.12749571974625
534	51.13313890367079	33.0	18.13313890367079
535	51.21683991056296	33.0	18.21683991056296
536	51.494032579691925	33.0	18.494032579691925
537	51.517966745154325	33.0	18.517966745154325
538	51.595677365629285	33.0	18.595677365629285
539	51.59719723832276	33.0	18.597197238322757
540	51.63789316425056	33.0	18.637893164250563
541	51.83101248184202	33.0	18.831012481842023
542	51.83157495107841	33.0	18.83157495107841
543	52.00058316138972	33.0	19.00058316138972
544	52.23897532092801	33.0	19.238975320928013
545	52.38601475299159	33.0	19.386014752991592
546	52.44209528795064	33.0	19.442095287950643
547	52.443212117901275	33.0	19.443212117901275
548	52.6604474082518	33.0	19.660447408251798
549	52.66363250074121	33.0	19.66363250074121
550	52.75542955178546	33.0	19.75542955178546
551	52.80360945800597	33.0	19.803609458005972
552	53.00148164849157	33.0	20.00148164849157
553	53.12767962914293	33.0	20.127679629142932
554	53.34808439596172	33.0	20.34808439596172
555	53.35585565916182	33.0	20.35585565916182
556	53.357021273967355	33.0	20.357021273967355
557	53.55911346982863	33.0	20.55911346982863
558	53.559749361834456	33.0	20.559749361834456
559	53.58686384627838	33.0	20.586863846278384
560	53.6643286725374	33.0	20.6643286725374
561	53.79282185957856	33.0	20.79282185957856
562	53.796315857589995	34.0	19.796315857589995
563	53.797389552171964	34.0	19.797389552171964
564	53.902268698643894	34.0	19.902268698643894
565	53.90348152670887	34.0	19.903481526708873
566	54.099241008474976	34.0	20.099241008474976
567	54.10045623450048	34.0	20.100456234500477
568	54.107683289818404	34.0	20.107683289818404
569	54.28618833309708	34.0	20.28618833309708
570	54.287152387181024	34.0	20.287152387181024
571	54.44121362638379	34.0	20.441213626383792
572	54.88536478750182	34.0	20.88536478750182
573	54.90226785041528	34.0	20.902267850415278
574	54.90348069660755	34.0	20.903480696607552
575	54.942045992392394	34.0	20.942045992392394
576	55.09924144051168	34.0	21.099241440511683
577	55.100456675024155	34.0	21.100456675024155
578	55.12082578708008	34.0	21.12082578708008
579	55.12334339744303	34.0	21.12334339744303
580	55.40419582029254	34.0	21.404195820292543
581	55.40494103289222	34.0	21.404941032892218
582	55.46318115860392	34.0	21.463181158603923
583	55.60168190865561	34.0	21.601681908655607
584	55.90225711134421	34.0	21.902257111344213
585	55.903469015742	34.0	21.903469015741997
586	55.92371204945205	34.0	21.92371204945205
587	56.08591568801936	34.0	22.085915688019362
588	56.099166351549634	34.0	22.099166351549634
589	56.10038110137583	34.0	22.10038110137583
590	56.13388662141424	34.0	22.13388662141424
591	56.135420865829936	34.0	22.135420865829936
592	56.16341253805614	34.0	22.163412538056143
593	56.55302936743861	34.0	22.55302936743861
594	56.553785067966345	34.0	22.553785067966345
595	56.752257288869295	34.0	22.752257288869295
596	56.90218423245197	35.0	21.902184232451972
597	56.90339812474538	35.0	21.90339812474538
598	57.08492635680772	35.0	22.08492635680772
599	57.09985883404504	35.0	22.099858834045037
600	57.1020783821327	35.0	22.102078382132703
601	57.26154204814732	35.0	22.26154204814732
602	57.26938003464871	35.0	22.269380034648712
603	57.486764192668105	35.0	22.486764192668105
604	57.69603287610747	35.0	22.696032876107473
605	57.903496396466	35.0	22.903496396465997
606	57.90470498473608	35.0	22.904704984736078
607	58.03249011740012	35.0	23.032490117400123
608	58.09766489243837	35.0	23.097664892438367
609	58.098927667393255	35.0	23.098927667393255
610	58.39102220685277	35.0	23.391022206852767
611	58.39160378845171	35.0	23.39160378845171
612	58.70881797808346	35.0	23.70881797808346
613	58.81389329215897	35.0	23.813893292158973
614	58.86622683304197	35.0	23.86622683304197
615	58.86716795255042	35.0	23.867167952550417
616	58.93843925107986	35.0	23.938439251079863
617	58.939416334321066	35.0	23.939416334321066
618	59.08442390762945	35.0	24.08442390762945
619	59.09347886763909	35.0	24.093478867639092
620	59.094548792457026	35.0	24.094548792457026
621	59.09632837104108	35.0	24.096328371041082
622	59.10355815968092	35.0	24.103558159680922
623	59.299399558383634	35.0	24.299399558383634
624	59.52260806750589	35.0	24.522608067505892
625	59.56564899932367	35.0	24.56564899932367
626	59.56836134071345	35.0	24.56836134071345
627	59.591106685811404	35.0	24.591106685811404
628	59.59275586972929	35.0	24.592755869729288
629	59.8799938740805	35.0	24.879993874080498
630	59.88029646157135	35.0	24.880296461571348
631	59.91390769829047	36.0	23.913907698290473
632	59.92856607949237	36.0	23.92856607949237
633	60.09739923989865	36.0	24.09739923989865
634	60.101146104279096	36.0	24.101146104279096
635	60.10259936278865	36.0	24.102599362788652
636	60.286568146215814	36.0	24.286568146215814
637	60.859516535969924	36.0	24.859516535969924
638	60.86090671354112	36.0	24.86090671354112
639	61.03973017485716	36.0	25.039730174857162
640	61.1335508334391	36.0	25.133550833439102
641	61.834962361103095	36.0	25.834962361103095
642	61.96380845862753	36.0	25.963808458627533
643	61.967940532670546	36.0	25.967940532670546
644	62.05537449643015	36.0	26.055374496430147
645	62.05888191685784	36.0	26.058881916857842
646	62.080917546702146	36.0	26.080917546702146
647	62.21582608852098	36.0	26.215826088520977
648	62.45869540594836	36.0	26.45869540594836
649	62.510610038029725	36.0	26.510610038029725
650	62.511329077986524	36.0	26.511329077986524
651	62.5821900785302	36.0	26.582190078530203
652	62.683925234996956	36.0	26.683925234996956
653	62.94970935051153	36.0	26.949709350511533
654	62.950125021974706	36.0	26.950125021974706
655	63.21940137607016	36.0	27.21940137607016
656	63.244857246618366	36.0	27.244857246618366
657	63.37082558298565	36.0	27.370825582985653
658	63.37908665224961	36.0	27.37908665224961
659	63.38148134595648	36.0	27.38148134595648
660	63.7739358814877	36.0	27.773935881487702
661	63.882768813402	36.0	27.882768813402002
662	64.13271039569781	36.0	28.132710395697814
663	64.13406266495176	36.0	28.134062664951756
664	64.19225872197819	36.0	28.19225872197819
665	64.41696226315014	36.0	28.41696226315014
666	64.41773867782415	36.0	28.417738677824147
667	64.44546492330413	37.0	27.44546492330413
668	64.51020435498883	37.0	27.51020435498883
669	64.5642538717599	37.0	27.564253871759902
670	64.57953599547437	37.0	27.579535995474373
671	64.58344267028855	37.0	27.583442670288548
672	64.62979134988758	37.0	27.629791349887583
673	64.631664843137	37.0	27.631664843137003
674	64.78605315308762	37.0	27.78605315308762
675	64.78792902069692	37.0	27.78792902069692
676	64.8938425386566	37.0	27.8938425386566
677	65.04142355051414	37.0	28.04142355051414
678	65.04324145116854	37.0	28.04324145116854
679	65.13651746734061	37.0	28.13651746734061
680	65.54171504725521	37.0	28.54171504725521
681	65.62979085859811	37.0	28.629790858598113
682	65.63166437342662	37.0	28.631664373426617
683	65.78605387566472	37.0	28.78605387566472
684	65.78792972968756	37.0	28.787929729687562
685	66.25961265303161	37.0	29.25961265303161
686	66.3758541708919	37.0	29.3758541708919
687	66.37912927572712	37.0	29.379129275727124
688	66.62816460635447	37.0	29.628164606354474
689	66.62987512468736	37.0	29.62987512468736
690	66.63171510706194	37.0	29.631715107061936
691	66.76564477252629	37.0	29.765644772526286
692	66.7855535464843	37.0	29.785553546484294
693	66.78732334816479	37.0	29.78732334816479
694	66.79372122394834	37.0	29.79372122394834
695	66.79499569541218	37.0	29.794995695412183
696	67.27636428095346	37.0	30.27636428095346
697	67.32947692065962	37.0	30.329476920659616
698	67.45437731132101	37.0	30.45437731132101
699	67.45477268359537	37.0	30.454772683595365
700	67.51910284831462	37.0	30.519102848314617
701	67.6296977151135	37.0	30.629697715113494
702	67.63157343984352	37.0	30.63157343984352
703	67.78595415070069	37.0	30.78595415070069
704	67.7878572700249	38.0	29.7878572700249
705	67.83080512990146	38.0	29.830805129901464
706	67.8317248598112	38.0	29.831724859811203
707	68.07659388757013	38.0	30.076593887570127
708	68.18803445242689	38.0	30.18803445242689
709	68.63010695383653	38.0	30.63010695383653
710	68.63229913563762	38.0	30.632299135637624
711	68.78561352313359	38.0	30.78561352313359
712	68.78751958835173	38.0	30.787519588351728
713	69.06618910273657	38.0	31.066189102736573
714	69.07219902116216	38.0	31.072199021162163
715	69.24336692717468	38.0	31.243366927174677
716	69.49113015236814	38.0	31.491130152368143
717	69.56155483828529	38.0	31.56155483828529
718	69.6262211388712	38.0	31.626221138871202
719	69.62811165245435	38.0	31.62811165245435
720	69.78196118100591	38.0	31.78196118100591
721	69.78986716118769	38.0	31.789867161187686
722	69.87789959015403	38.0	31.87789959015403
723	69.87877165260693	38.0	31.87877165260693
724	70.21495368080214	38.0	32.21495368080214
725	70.58292655767305	38.0	32.58292655767305
726	70.65063387272167	38.0	32.65063387272167
727	70.68753214756741	38.0	32.68753214756741
728	70.76113173736417	38.0	32.76113173736417
729	70.76360021761427	38.0	32.76360021761427
730	70.85394657243052	38.0	32.853946572430516
731	70.85585638395648	38.0	32.85585638395648
732	70.9934081128282	38.0	32.993408112828206
733	71.02730516982852	38.0	33.02730516982852
734	71.03012023352541	38.0	33.03012023352541
735	71.17514523314857	38.0	33.17514523314857
736	71.23464185186054	38.0	33.234641851860545
737	71.31100934489119	38.0	33.31100934489119
738	71.43256429689727	38.0	33.43256429689727
739	71.43463440300431	38.0	33.43463440300431
740	71.49361530223885	38.0	33.49361530223885
741	71.62179144107627	38.0	33.62179144107627
742	71.62311452936747	39.0	32.62311452936747
743	71.65442476571276	39.0	32.65442476571276
744	71.65522627772852	39.0	32.65522627772852
745	71.80862254430647	39.0	32.80862254430647
746	71.81210388351673	39.0	32.81210388351673
747	71.84708113581141	39.0	32.84708113581141
748	71.98565759786304	39.0	32.98565759786304
749	72.73079876760129	39.0	33.730798767601286
750	72.79449926834663	39.0	33.79449926834663
751	72.84865559190881	39.0	33.84865559190881
752	72.8526717676017	39.0	33.852671767601706
753	73.53127305047212	39.0	34.53127305047212
754	73.53425035303556	39.0	34.53425035303556
755	73.60535829660516	39.0	34.60535829660516
756	73.89305301882246	39.0	34.89305301882246
757	74.63180720431646	39.0	35.63180720431646
758	74.64354038860174	39.0	35.643540388601735
759	74.65575476546941	39.0	35.65575476546941
760	75.03820862843838	39.0	36.03820862843838
761	75.05046021086454	39.0	36.05046021086454
762	75.09136501546642	39.0	36.09136501546642
763	75.09264599077996	39.0	36.09264599077996
764	75.17783298927309	39.0	36.177832989273085
765	75.27406097770698	39.0	36.27406097770698
766	75.33038903834142	39.0	36.33038903834142
767	75.33254275549878	39.0	36.33254275549878
768	75.63645375202974	39.0	36.63645375202974
769	75.64122005656034	39.0	36.64122005656034
770	75.79837265387742	39.0	36.79837265387742
771	75.80018503936003	39.0	36.80018503936003
772	75.88316775363252	39.0	36.88316775363252
773	75.88565257229529	39.0	36.885652572295285
774	75.96115813409574	39.0	36.96115813409574
775	76.09912918918627	39.0	37.09912918918627
776	76.24088204302365	39.0	37.240882043023646
777	76.49168860813315	39.0	37.491688608133146
778	76.6153334700138	39.0	37.615333470013795
779	76.61787018011582	39.0	37.617870180115816
780	76.67605676469725	39.0	37.67605676469725
781	76.94807879362652	40.0	36.94807879362652
782	76.96325015081626	40.0	36.963250150816265
783	76.96391422952554	40.0	36.96391422952554
784	77.27965086694685	40.0	37.27965086694685
785	78.02294590836473	40.0	38.02294590836473
786	78.16375968859943	40.0	38.16375968859943
787	78.1647393404709	40.0	38.1647393404709
788	78.2213179097529	40.0	38.2213179097529
789	78.59680695804968	40.0	38.59680695804968
790	78.59836430233491	40.0	38.598364302334915
791	78.80951060042665	40.0	38.80951060042665
792	78.88419225064747	40.0	38.88419225064747
793	79.53163655535683	40.0	39.531636555356826
794	79.61982156892559	40.0	39.61982156892559
795	79.62341963019321	40.0	39.62341963019321
796	79.74149150623191	40.0	39.74149150623191
797	79.97047916430894	40.0	39.97047916430894
798	80.0092817136592	40.0	40.009281713659206
799	80.01009266069407	40.0	40.01009266069407
800	80.36481467254006	40.0	40.364814672540064
801	81.47986911912031	40.0	41.47986911912031
802	81.65048418251652	40.0	41.65048418251652
803	81.65087544898978	40.0	41.65087544898978
804	81.71048452353932	40.0	41.71048452353932
805	81.9610372501029	40.0	41.961037250102905
806	81.96188757126981	40.0	41.96188757126981
807	82.12446066672435	40.0	42.124460666724346
808	82.32962574621548	40.0	42.329625746215484
809	82.67241646816805	40.0	42.67241646816805
810	82.70414496906659	40.0	42.70414496906659
811	82.711212142884	40.0	42.711212142883994
812	82.82744841615965	40.0	42.827448416159655
813	83.04712931940162	40.0	43.04712931940162
814	83.09455121030079	40.0	43.09455121030079
815	83.09583602529395	40.0	43.09583602529395
816	83.36645687833995	40.0	43.366456878339946
817	84.90533438156261	40.0	44.90533438156261
818	84.94610674582282	40.0	44.94610674582282
819	84.95184334451253	40.0	44.951843344512525
820	85.10954076572777	40.0	45.10954076572777
821	85.26360820074422	41.0	44.263608200744216
822	85.36656704379686	41.0	44.36656704379686
823	85.3678659571263	41.0	44.3678659571263
824	85.62480709498382	41.0	44.62480709498382
825	85.66618223046471	41.0	44.66618223046471
826	85.77347999174742	41.0	44.77347999174742
827	85.80771157629015	41.0	44.807711576290146
828	85.81251500812925	41.0	44.81251500812925
829	86.10742769751361	41.0	45.107427697513614
830	86.10916741973281	41.0	45.10916741973281
831	86.2457895988858	41.0	45.24578959888581
832	86.39448689877476	41.0	45.39448689877476
833	89.80157931159602	41.0	48.801579311596015
834	89.80681679806278	41.0	48.80681679806278
835	89.84145464355524	41.0	48.84145464355524
836	90.12834095875792	41.0	49.12834095875792
837	90.30272817367826	41.0	49.30272817367826
838	90.45867662924299	41.0	49.45867662924299
839	90.46518421005207	41.0	49.46518421005207
840	90.47391449221676	41.0	49.473914492216764
841	90.72837617829443	41.0	49.728376178294425
842	90.7306026202728	41.0	49.730602620272805
843	90.77968197453457	41.0	49.77968197453457
844	91.04052612223171	41.0	50.04052612223171
845	91.15094329137725	41.0	50.150943291377246
846	91.26079177786981	41.0	50.26079177786981
847	91.28640091472548	41.0	50.286400914725476
848	91.28931840569092	41.0	50.28931840569092
849	91.50879822905777	41.0	50.508798229057774
850	91.51058481026759	41.0	50.51058481026759
851	91.56736038596632	41.0	50.567360385966325
852	91.75506147863645	41.0	50.75506147863645
853	95.69007855485896	41.0	54.69007855485896
854	95.75363001180577	41.0	54.75363001180577
855	95.7577791764938	41.0	54.7577791764938
856	95.83711051961373	41.0	54.83711051961373
857	96.05499470698484	41.0	55.05499470698484
858	96.09055814211216	41.0	55.09055814211216
859	96.09129742874913	41.0	55.09129742874913
860	96.35036771658129	41.0	55.35036771658129
861	98.25787573641978	41.0	57.25787573641978
862	98.29812953805643	42.0	56.29812953805643
863	98.30470438260522	42.0	56.30470438260522
864	98.37285841689877	42.0	56.372858416898765
865	98.57182122561315	42.0	56.57182122561315
866	98.5923207571392	42.0	56.592320757139206
867	98.59418654989277	42.0	56.59418654989277
868	98.81267164291707	42.0	56.81267164291707
869	101.87352704812506	42.0	59.873527048125055
870	101.93413386512276	42.0	59.93413386512276
871	101.9385151010449	42.0	59.9385151010449
872	101.98972880660166	42.0	59.98972880660166
873	102.20268795678116	42.0	60.20268795678116
874	102.22193061899605	42.0	60.221930618996055
875	102.22251970618991	42.0	60.222519706189914
876	102.44180028245077	42.0	60.44180028245077
877	106.7584115739152	42.0	64.7584115739152
878	106.8668860831857	42.0	64.8668860831857
879	106.87036575036389	42.0	64.87036575036389
880	107.09043878022513	42.0	65.09043878022513
881	109.0079646621	42.0	67.0079646621
882	109.06309750894958	42.0	67.06309750894958
883	109.06825154082114	42.0	67.06825154082114
884	109.10135591040807	42.0	67.10135591040807
885	109.29969472345293	42.0	67.29969472345293
886	109.306609131587	42.0	67.306609131587
887	109.30751999322115	42.0	67.30751999322115
888	109.49992434206787	42.0	67.49992434206787
889	117.45931381132205	42.0	75.45931381132205
890	117.5100832343026	42.0	75.5100832343026
891	117.51635889185594	42.0	75.51635889185594
892	117.53435324599137	42.0	75.53435324599137
893	117.71038116104526	42.0	75.71038116104526
894	117.71382188465056	42.0	75.71382188465056
895	117.72268197202958	42.0	75.72268197202958
896	117.88722759289499	42.0	75.88722759289499
897	128.23427552369748	42.0	86.23427552369748
898	128.34079827031636	42.0	86.34079827031636
899	128.3453027066792	42.0	86.3453027066792
900	128.51082022737336	42.0	86.51082022737336
