   1.2700665200457128E-013
   1.2700665200457128E-013
   1.2700665200457128E-013
   1.2700665200457128E-013
   1.2700665200457128E-013
   1.2700665200457128E-013
   1.2700665200457128E-013
   1.2700665200457128E-013
   1.2700665200457128E-013
   1.2700665200457128E-013
   1.7292352580275369E-013
   1.7301561983988374E-013
   2.7728252673530603E-013
   2.7729033805147044E-013
   3.2063788974121672E-013
   5.0482525017540103E-013
   5.0490766807941318E-013
   8.7823244380340958E-013
   8.7832094438674699E-013
   1.1271977795311817E-012
   1.1272463516581475E-012
   1.3763969573105794E-012
   1.3764623859299489E-012
   2.5642957611409664E-012
   2.5643665937629164E-012
   3.5357910965703917E-012
   3.5359277225831945E-012
   3.5719374735264593E-012
   3.5720079952666240E-012
   3.9641251657229457E-012
   6.9917392229509062E-012
   6.9918050023566640E-012
   8.6111954278085198E-012
   8.6113044900999228E-012
   1.0429026878219474E-011
   1.0429122084585334E-011
   1.2562049212050884E-011
   1.2562107997801962E-011
   1.7961519803527919E-011
   1.7961523926584835E-011
   1.9970041243739570E-011
   1.9970141184635786E-011
   2.8435924262227395E-011
   2.8435988386272468E-011
   3.6678094328797826E-011
   3.6678157205675479E-011
   3.9809401112287318E-011
   4.3743371951403188E-011
   4.3743423863867948E-011
   4.4245871526940562E-011
   4.4245977670168672E-011
   7.3050514762086922E-011
   7.3050617882935025E-011
   9.3888524008496682E-011
   9.3888662578747477E-011
   1.0000681636523764E-010
   1.0000686491100663E-010
   1.0144441427538323E-010
   1.0144445810063461E-010
   1.1623322361027151E-010
   1.1623331656371608E-010
   1.7790674465413080E-010
   1.7790688787073832E-010
   1.9116331841985884E-010
   1.9116337102783305E-010
   2.2476103562335340E-010
   2.2476106874397374E-010
   2.5691244162903762E-010
   2.5691267500127946E-010
   3.1692241865114687E-010
   3.1692249510724105E-010
   3.3937088543776275E-010
   3.7398119182186412E-010
   3.7398126546031121E-010
   4.1258060369199470E-010
   4.1258061698939598E-010
   4.7693683232988070E-010
   4.7693685399855348E-010
   6.2568304671885719E-010
   6.2568312356740860E-010
   7.0370082080161287E-010
   7.0370098613745482E-010
   8.1415819586938061E-010
   8.1415827050613626E-010
   9.1411656117431318E-010
   9.1411662726966304E-010
   9.2533099054174583E-010
   9.2533115007702179E-010
   9.7107508175300161E-010
   9.7107515038924806E-010
   1.2744687865150900E-009
   1.2744688409431348E-009
   1.4510108053535330E-009
   1.4510108662941493E-009
   1.8997569390159426E-009
   1.8997569841855896E-009
   1.9397303989596612E-009
   1.9397304576545259E-009
   1.9827954740404804E-009
   1.9827955195382753E-009
   2.2226741779850167E-009
   2.2226741998303422E-009
   2.3771300434893409E-009
   2.3771301023410469E-009
   2.5230141738397891E-009
   3.2148692526091806E-009
   3.2148693613725074E-009
   3.5746737761346866E-009
   3.5746739043252389E-009
   3.7337297014972858E-009
   3.7337297274024046E-009
   3.9494199389546624E-009
   3.9494200946075197E-009
   4.5982670434112996E-009
   4.5982671148386466E-009
   5.7892466053635671E-009
   5.7892466423542941E-009
   6.0419116421377587E-009
   6.0419117583000424E-009
   6.4740720132449686E-009
   6.4740720672026878E-009
   6.4814992988377142E-009
   6.4814993501398008E-009
   6.8218648351913029E-009
   6.8218648747269379E-009
   7.7264239637474898E-009
   7.7264240345951155E-009
   9.4179904038052266E-009
   9.4179904495621350E-009
   1.0187951256097408E-008
   1.0187951273418913E-008
   1.1290784143535367E-008
   1.1290784262418780E-008
   1.3425742243205630E-008
   1.3425742323516916E-008
   1.3889769937827328E-008
   1.3889770102008140E-008
   1.4139712771477888E-008
   1.4139712845581337E-008
   1.4538410321348636E-008
   1.4538410376769888E-008
   1.5785000293493481E-008
   1.5785000381972497E-008
   1.6650652372893801E-008
   1.8966674385177995E-008
   1.8966674476665107E-008
   2.0442725036467116E-008
   2.0442725115039252E-008
   2.1618554010698923E-008
   2.1618554105036473E-008
   2.6330434887245162E-008
   2.6330434983281116E-008
   2.7173167938857570E-008
   2.7173168053813395E-008
   2.8454649012673092E-008
   2.8454649105104070E-008
   2.9746163924716893E-008
   2.9746163978923186E-008
   3.0691823828403180E-008
   3.0691823904222369E-008
   3.6606722643055498E-008
   3.6606722708794353E-008
   3.8122141155550537E-008
   3.8122141306422822E-008
   4.0550887526844412E-008
   4.0550887685252292E-008
   4.4016812372347970E-008
   4.4016812502628520E-008
   4.5920288848266561E-008
   4.5920288919505777E-008
   4.7841695771540095E-008
   4.7841695938094473E-008
   4.9147937923652035E-008
   4.9147937975831785E-008
   5.1130337093072920E-008
   5.1130337136561855E-008
   6.0959111185391109E-008
   6.0959111379104937E-008
   6.3120546343348267E-008
   6.3120546444152281E-008
   7.1827195095754604E-008
   7.1827195207530991E-008
   7.2726014155474999E-008
   7.2726014230111955E-008
   7.7138589899841790E-008
   7.7138589983352463E-008
   8.1106098337169045E-008
   8.1106098433950341E-008
   8.3442090875250536E-008
   8.3442090993769291E-008
   8.6112025835742615E-008
   8.6112025918882472E-008
   9.2059084910370489E-008
   9.2059084936800736E-008
   9.2601871853774462E-008
   9.2601871905475818E-008
   9.4040865265623962E-008
   9.4040865385571702E-008
   9.7654519545153368E-008
   9.7654519562704751E-008
   9.8757361242243576E-008
   1.0384536328555590E-007
   1.0384536331847079E-007
   1.2482546782733372E-007
   1.2482546790734988E-007
   1.2851762648553279E-007
   1.2851762667169740E-007
   1.4454449443820484E-007
   1.4454449453637421E-007
   1.6149770092623281E-007
   1.6149770100842735E-007
   1.6203252135120052E-007
   1.6203252142936697E-007
   1.7210492293696154E-007
   1.7210492307566040E-007
   1.9365361437336916E-007
   1.9365361453924719E-007
   1.9457501425578948E-007
   1.9457501432537159E-007
   2.0835756694410671E-007
   2.0835756703925580E-007
   2.2902649617658940E-007
   2.2902649622448721E-007
   2.4966267706239356E-007
   2.4966267717677328E-007
   2.5142468419837020E-007
   2.5142468424540128E-007
   2.7128977735045827E-007
   2.7128977750798459E-007
   2.9212546305794332E-007
   2.9212546323787323E-007
   2.9345620649617505E-007
   2.9345620662331787E-007
   3.0966131114624185E-007
   3.0966131119598222E-007
   3.5041705882236836E-007
   3.5041705886251370E-007
   3.6943505974075284E-007
   3.6943505987383453E-007
   4.2234525208020216E-007
   4.2234525214088117E-007
   4.2387080034914459E-007
   4.2387080057112323E-007
   4.3900042032968570E-007
   4.3900042043268311E-007
   4.4212905980546870E-007
   4.4212905987273381E-007
   4.6764357907953484E-007
   4.6764357922937402E-007
   4.7309275458029051E-007
   4.7309275468259394E-007
   4.9606737953343577E-007
   4.9606737963610167E-007
   5.0743262857827288E-007
   5.0743262864705089E-007
   5.1178773969095962E-007
   5.1178773973782775E-007
   5.3113140381954649E-007
   5.8787103253307592E-007
   5.8787103264329470E-007
   6.8430356808660116E-007
   6.8430356814727889E-007
   6.8553630113983350E-007
   6.8553630115219193E-007
   7.8760073646577686E-007
   7.8760073658018507E-007
   8.5681568076064037E-007
   8.5681568084779699E-007
   8.5971986720157507E-007
   8.5971986737976803E-007
   9.0020414272804077E-007
   9.0020414283569876E-007
   1.0153929164956373E-006
   1.0153929166010393E-006
   1.0273800958332151E-006
   1.0273800959672977E-006
   1.0767581628736603E-006
   1.0767581629395180E-006
   1.1767782712732200E-006
   1.1767782713723518E-006
   1.2594109203023740E-006
   1.2594109203903488E-006
   1.2899380111769535E-006
   1.2899380112261653E-006
   1.3911964786942568E-006
   1.3911964787960480E-006
   1.4853518787595875E-006
   1.4853518788221585E-006
   1.4942868842359968E-006
   1.4942868843323106E-006
   1.5025143012072864E-006
   1.5025143013442743E-006
   1.7239076871882761E-006
   1.7239076873079746E-006
   1.7611089492519873E-006
   1.7611089494021678E-006
   1.9019341749940449E-006
   1.9019341750758975E-006
   2.0175354569946496E-006
   2.0175354571592853E-006
   2.0674917935005735E-006
   2.0674917935756498E-006
   2.1685644710883115E-006
   2.1685644711109154E-006
   2.1923511640262096E-006
   2.1923511640642863E-006
   2.3361996235787075E-006
   2.3361996236561835E-006
   2.4970913145201585E-006
   2.4970913145762025E-006
   2.5101580640442143E-006
   2.5101580640993663E-006
   2.6072777659861900E-006
   2.7699239614323641E-006
   2.7699239615014464E-006
   3.2557772279273981E-006
   3.2557772280475039E-006
   3.3137871352101416E-006
   3.3137871352465653E-006
   3.5710494410119092E-006
   3.5710494411759744E-006
   4.0619313253113702E-006
   4.0619313255301715E-006
   4.0743330619885303E-006
   4.0743330620715743E-006
   4.2889929868361872E-006
   4.2889929869442839E-006
   4.4292397453314943E-006
   4.4292397454917293E-006
   4.7070941343898515E-006
   4.7070941345438285E-006
   5.0842438335732978E-006
   5.0842438336330424E-006
   5.2842133998532275E-006
   5.2842133999649350E-006
   5.5325721271094820E-006
   5.5325721271508104E-006
   6.0015816192240967E-006
   6.0015816193854819E-006
   6.0628348719147089E-006
   6.0628348720771919E-006
   6.3316433663301273E-006
   6.3316433663824206E-006
   6.5519010229281359E-006
   6.5519010229929695E-006
   6.6889386978979791E-006
   6.6889386979407949E-006
   6.8442145208224400E-006
   6.8442145209750804E-006
   7.0954984511182878E-006
   7.0954984511823582E-006
   8.0703750828834188E-006
   8.0703750830352698E-006
   8.7779151979681191E-006
   8.7779151981350083E-006
   9.5060214087294206E-006
   9.5060214088711444E-006
   9.9465297820023736E-006
   9.9465297821520596E-006
   1.0466760703597388E-005
   1.0466760703663378E-005
   1.1075290340625418E-005
   1.1075290340713921E-005
   1.1264684458072686E-005
   1.1264684458204220E-005
   1.1316689410451850E-005
   1.1316689410557110E-005
   1.1739966773180752E-005
   1.3743488722180760E-005
   1.3743488722342303E-005
   1.4036302591119095E-005
   1.4036302591212011E-005
   1.4616211839223696E-005
   1.4616211839346292E-005
   1.6745722178341257E-005
   1.6745722178451659E-005
   1.7263903054559138E-005
   1.7263903054694118E-005
   1.7582449569875812E-005
   1.7582449569920295E-005
   1.8715867888065891E-005
   1.8715867888158617E-005
   1.9129844283237678E-005
   1.9129844283275876E-005
   1.9213180978160491E-005
   1.9213180978257490E-005
   2.1197309916779018E-005
   2.1197309916832178E-005
   2.2037597549107047E-005
   2.2037597549235346E-005
   2.2485701615149533E-005
   2.2485701615224119E-005
   2.3903352402813807E-005
   2.3903352402907594E-005
   2.5490679194083857E-005
   2.5490679194128522E-005
   2.5629225820579526E-005
   2.5629225820723193E-005
   2.5919184410924692E-005
   2.5919184410956859E-005
   2.8451874688110623E-005
   2.8451874688150722E-005
   3.3041785196077080E-005
   3.3041785196097809E-005
   3.3896205194296757E-005
   3.3896205194414725E-005
   3.7473092403456806E-005
   3.7473092403497118E-005
   4.0982347252202750E-005
   4.0982347252350594E-005
   4.1467001390110189E-005
   4.1467001390337099E-005
   4.2820180390625451E-005
   4.2820180390715921E-005
   4.4350115548097045E-005
   4.4350115548196757E-005
   4.6763179411623009E-005
   4.6763179411707841E-005
   4.8668813731367413E-005
   4.8893146670644862E-005
   4.8893146670780516E-005
   5.2159567121741421E-005
   5.2159567121837196E-005
   5.6097483618568933E-005
   5.6097483618628869E-005
   5.9114995185152707E-005
   5.9114995185297380E-005
   6.1890623273793069E-005
   6.1890623273862160E-005
   6.5652391420193933E-005
   6.5652391420267564E-005
   6.6585106502261356E-005
   6.6585106502414771E-005
   6.9291505814020251E-005
   6.9291505814056680E-005
   6.9880826245763175E-005
   6.9880826245838419E-005
   7.5100657705014971E-005
   7.5100657705171354E-005
   8.7991843091886728E-005
   8.7991843091943052E-005
   9.0091962445722906E-005
   9.0091962445888342E-005
   9.5212940423855037E-005
   9.5212940423922000E-005
   9.6266526334488312E-005
   9.6266526334559815E-005
   9.9303543006999602E-005
   9.9303543007055818E-005
   1.0800997554790713E-004
   1.0800997554799043E-004
   1.1174275444469258E-004
   1.1174275444476540E-004
   1.3097557656343548E-004
   1.3097557656348058E-004
   1.3331239542810615E-004
   1.3331239542821273E-004
   1.3399535559696182E-004
   1.3399535559702883E-004
   1.5295579090160083E-004
   1.5295579090172327E-004
   1.5936154212576285E-004
   1.5936154212586309E-004
   1.6069273797643987E-004
   1.6069273797650595E-004
   1.6216092418884783E-004
   1.6216092418895560E-004
   1.6875140597422442E-004
   1.6875140597432962E-004
   1.7900826929318229E-004
   1.7900826929327356E-004
   1.7915723908246565E-004
   1.7915723908250647E-004
   1.7952039633224747E-004
   1.7952039633240384E-004
   1.8626926216478812E-004
   2.2001759045018617E-004
   2.2001759045025917E-004
   2.3144180848314646E-004
   2.3144180848322284E-004
   2.3444685604453839E-004
   2.3444685604459911E-004
   2.5048407442837360E-004
   2.5048407442844586E-004
   2.7792659212025805E-004
   2.7792659212041857E-004
   2.8706162538259680E-004
   2.8706162538273824E-004
   3.2447068841757131E-004
   3.2447068841768233E-004
   3.2633139514280743E-004
   3.2633139514288376E-004
   3.4247296932496315E-004
   3.4247296932505297E-004
   3.5049318492588879E-004
   3.5049318492596696E-004
   3.5603189918324076E-004
   3.5603189918351674E-004
   3.7606460697596706E-004
   3.7606460697607954E-004
   3.9293588354868627E-004
   3.9293588354880933E-004
   4.3351403968233199E-004
   4.3351403968240674E-004
   4.3720277565374618E-004
   4.3720277565380917E-004
   4.5986341571392837E-004
   4.5986341571407110E-004
   4.6687131085649457E-004
   4.6687131085664842E-004
   5.4370166682350457E-004
   5.4370166682365018E-004
   5.5497418151505317E-004
   5.5497418151523314E-004
   5.6365183644017263E-004
   5.6365183644030610E-004
   5.6587700816569295E-004
   5.6587700816574586E-004
   6.3477627575089942E-004
   6.3477627575098203E-004
   6.5950480101706289E-004
   6.9910796747955526E-004
   6.9910796747956480E-004
   7.5548995486361106E-004
   7.5548995486371981E-004
   7.5678951925156786E-004
   7.5678951925171856E-004
   8.3321124478514402E-004
   8.3321124478523910E-004
   8.3405638486975435E-004
   8.3405638486986288E-004
   9.5058100979232433E-004
   9.5058100979239296E-004
   9.5695342953403234E-004
   9.5695342953412059E-004
   1.0139094286584903E-003
   1.0139094286585474E-003
   1.0557772002866158E-003
   1.0557772002866511E-003
   1.1070500744714891E-003
   1.1070500744715819E-003
   1.1199482948982872E-003
   1.1199482948983700E-003
   1.1776400381681689E-003
   1.1776400381682704E-003
   1.1944255107783079E-003
   1.1944255107784135E-003
   1.2046290296996867E-003
   1.2046290296997266E-003
   1.3071552681539788E-003
   1.3071552681541035E-003
   1.5382277460242043E-003
   1.5382277460242750E-003
   1.6212892491770429E-003
   1.6212892491770958E-003
   1.6767478929925650E-003
   1.6767478929926513E-003
   1.7680514784167395E-003
   1.7680514784168576E-003
   1.8596634295016995E-003
   1.8596634295018444E-003
   1.9342458002190161E-003
   1.9342458002190456E-003
   2.0830785603847901E-003
   2.0830785603849124E-003
   2.1632174604305950E-003
   2.2192542202892620E-003
   2.2192542202893566E-003
   2.2464244746273373E-003
   2.2464244746274440E-003
   2.3977533650548152E-003
   2.3977533650550134E-003
   2.4484347253577246E-003
   2.4484347253577836E-003
   2.5561898620961193E-003
   2.5561898620961865E-003
   2.5972528058853437E-003
   2.5972528058854057E-003
   2.8961419072754111E-003
   2.8961419072755035E-003
   3.0093025802726595E-003
   3.0093025802727267E-003
   3.4992319759124309E-003
   3.4992319759127007E-003
   3.5580131805615280E-003
   3.5580131805615653E-003
   3.5921392452388659E-003
   3.5921392452389392E-003
   3.5998702868135788E-003
   3.5998702868137813E-003
   3.7726521014580031E-003
   3.7726521014581952E-003
   4.2855278615040321E-003
   4.2855278615042151E-003
   4.6908303448346070E-003
   4.6908303448347840E-003
   4.7668513097669785E-003
   4.7668513097670409E-003
   4.9169944128784233E-003
   4.9169944128785023E-003
   5.2045724032052394E-003
   5.2045724032053417E-003
   5.4247682644091846E-003
   5.4247682644092705E-003
   5.6624481866090837E-003
   5.6624481866093352E-003
   5.7544905935591152E-003
   5.7544905935592305E-003
   6.1455339362150550E-003
   6.1455339362152025E-003
   6.3374397483005511E-003
   6.3374397483007194E-003
   6.5795067481579572E-003
   7.0425845397436571E-003
   7.0425845397439337E-003
   7.2443512449448261E-003
   7.2443512449449181E-003
   7.6224212562820944E-003
   7.6224212562822245E-003
   8.8264915445604476E-003
   8.8264915445605517E-003
   9.0937729402375336E-003
   9.0937729402376256E-003
   9.7056259962833864E-003
   9.7056259962834714E-003
   1.0181933853853653E-002
   1.0181933853853912E-002
   1.0255228706622526E-002
   1.0255228706622897E-002
   1.0433727695668173E-002
   1.0433727695668242E-002
   1.1052497412595227E-002
   1.1052497412595440E-002
   1.1511209924237771E-002
   1.1511209924237866E-002
   1.2210871690889713E-002
   1.2210871690889823E-002
   1.2512715429189150E-002
   1.2512715429189183E-002
   1.3251665125844843E-002
   1.3251665125845044E-002
   1.4172442897457858E-002
   1.4172442897457956E-002
   1.5519756143434779E-002
   1.5519756143434895E-002
   1.5985610196062750E-002
   1.5985610196062872E-002
   1.7885122896184335E-002
   1.7885122896184432E-002
   1.8515525934746146E-002
   1.8515525934746223E-002
   1.8566391635608127E-002
   1.8987542923514938E-002
   1.8987542923515184E-002
   1.9158815489303597E-002
   1.9158815489303718E-002
   2.1243762849017956E-002
   2.1243762849018067E-002
   2.3437588258825037E-002
   2.3437588258825113E-002
   2.4000017683251013E-002
   2.4000017683251194E-002
   2.4479175417684074E-002
   2.4479175417684237E-002
   2.4862146104191161E-002
   2.4862146104191303E-002
   2.6667548856872093E-002
   2.6667548856872361E-002
   2.7878910466662223E-002
   2.7878910466662323E-002
   3.0044087209024694E-002
   3.0044087209024708E-002
   3.0361981396027103E-002
   3.0361981396027166E-002
   3.4698425153881031E-002
   3.4698425153881295E-002
   3.5727872198773394E-002
   3.5727872198773568E-002
   3.6222737572215447E-002
   3.6222737572215655E-002
   4.1560107416787326E-002
   4.1560107416787360E-002
   4.1856040275175616E-002
   4.1856040275175949E-002
   4.5851984535415252E-002
   4.5851984535415502E-002
   4.6061191507366844E-002
   4.6061191507367205E-002
   4.6832019115266195E-002
   4.6832019115266611E-002
   4.8297450777385308E-002
   4.8297450777385460E-002
   4.8617264675830982E-002
   4.8638909690606552E-002
   4.8638909690606684E-002
   5.7130561620764651E-002
   5.7130561620764839E-002
   6.0514067110023696E-002
   6.0514067110023884E-002
   6.4706552453031099E-002
   6.4706552453031266E-002
   6.8158441768001302E-002
   6.8158441768001579E-002
   7.0311315809862288E-002
   7.0311315809862718E-002
   7.5783452923359709E-002
   7.5783452923360292E-002
   7.8201493070246667E-002
   7.8201493070246958E-002
   8.3421170108834042E-002
   8.3421170108834070E-002
   8.4230773143860058E-002
   8.4230773143860418E-002
   8.6277295073953333E-002
   8.6277295073953444E-002
   9.1521307223040055E-002
   9.1521307223040263E-002
  0.10165375548043945     
  0.10165375548043988     
  0.10346884532105094     
  0.10346884532105112     
  0.11284825291741075     
  0.11284825291741091     
  0.11377759046735837     
  0.11377759046735872     
  0.11812947057554801     
  0.12344137828419267     
  0.12344137828419287     
  0.14149395051445787     
  0.14149395051445823     
  0.14163029315328304     
  0.14163029315328349     
  0.14548655346676648     
  0.14548655346676684     
  0.15625633365874200     
  0.15625633365874242     
  0.16449584575830126     
  0.16449584575830170     
  0.16575373516368982     
  0.16575373516368991     
  0.17735384185862810     
  0.17735384185862940     
  0.18044970691859785     
  0.18044970691859816     
  0.18956664551408037     
  0.18956664551408114     
  0.21528181225850057     
  0.21528181225850104     
  0.22896514692993913     
  0.22896514692994052     
  0.24439366312816665     
  0.24439366312816735     
  0.24700328694115067     
  0.24700328694115148     
  0.25641226972009828     
  0.25641226972009951     
  0.26627043250735261     
  0.27251110733288625     
  0.27251110733288697     
  0.28907457929141001     
  0.28907457929141017     
  0.30312605414983840     
  0.30312605414983884     
  0.30675625837948850     
  0.30675625837948911     
  0.35690550567073442     
  0.35690550567073509     
  0.36163830573348460     
  0.36163830573348571     
  0.38496491106736525     
  0.38496491106736563     
  0.39547719731784198     
  0.39547719731784253     
  0.41492520553822232     
  0.41492520553822243     
  0.45777418034313916     
  0.45777418034313927     
  0.47816446731123535     
  0.47816446731123680     
  0.48559810970021927     
  0.48559810970021938     
  0.49051780146331431     
  0.49051780146331470     
  0.53584056800390356     
  0.53584056800390445     
  0.55656942964935552     
  0.58520217653616979     
  0.58520217653617068     
  0.61646058792152536     
  0.61646058792152725     
  0.67143090079520551     
  0.67143090079520573     
  0.71789287554368308     
  0.71789287554368364     
  0.74076900165629267     
  0.74076900165629289     
  0.76460765456731061     
  0.76460765456731306     
  0.77470042266977102     
  0.77470042266977235     
  0.78579361260431524     
  0.78579361260431546     
  0.91219943968225736     
  0.91219943968225781     
  0.92552394495318502     
  0.92552394495318580     
   1.0379055773755026     
   1.0379055773755035     
   1.0466107544507433     
   1.0466107544507455     
   1.0783214328944195     
   1.1479447456365590     
   1.1479447456365619     
   1.1546933612662131     
   1.1546933612662162     
   1.2248766697456861     
   1.2248766697456868     
   1.3380916529280111     
   1.3380916529280118     
   1.3695318736358237     
   1.3695318736358246     
   1.4446820947220969     
   1.4446820947221009     
   1.5713304844931766     
   1.5713304844931821     
   1.6596602287113635     
   1.6596602287113666     
   1.7336004537347673     
   1.7336004537347682     
   1.8389702596988395     
   1.8389702596988411     
   1.8625172599711461     
   1.8625172599711519     
   1.9355141158684508     
   1.9800235083314321     
   1.9800235083314335     
   2.2717772098246463     
   2.2717772098246511     
   2.3101151665497217     
   2.3101151665497239     
   2.4953091485613110     
   2.4953091485613164     
   2.5063817195697053     
   2.5063817195697058     
   2.6587218708969615     
   2.6587218708969664     
   2.7560353966383526     
   2.7560353966383553     
   3.0949788403094072     
   3.0949788403094152     
   3.1621333672089946     
   3.1621333672090062     
   3.2170097318561650     
   3.4886842037761974     
   3.4886842037762040     
   3.6924008634942886     
   3.6924008634942913     
   3.7007295899145563     
   3.7007295899145616     
   3.9901176392932309     
   3.9901176392932349     
   4.2364709792218775     
   4.2364709792218793     
   4.6739677517184077     
   4.6739677517184228     
   4.7603278009155119     
   4.7603278009155252     
   4.9490179086939907     
   4.9580557455926124     
   4.9580557455926266     
   5.4617554609378827     
   5.4617554609378933     
   5.9043240494928861     
   5.9043240494928888     
   6.0257863248444741     
   6.0257863248444750     
   6.3920390761413168     
   6.3920390761413222     
   6.7743179606796327     
   6.7743179606796335     
   7.0440323968476983     
   7.4738960430502308     
   7.4738960430502388     
   7.9281662147932366     
   7.9281662147932446     
   8.0819607429360492     
   8.0819607429360634     
   8.9165779887097383     
   8.9165779887097401     
   9.2728263827392468     
   9.4585356759667629     
   9.4585356759667718     
   10.230423315248943     
   10.230423315248949     
   10.852237711602930     
   10.852237711602942     
   11.286910472518921     
   11.972939115313174     
   11.972939115313187     
   12.700665200457127     
