0	0	0	0
1	1.075446079731634	1.0	0.07544607973163409
2	2.117772969690024	2.0	0.11777296969002382
3	2.1177729696907326	2.0	0.11777296969073259
4	3.1600998596485823	3.0	0.1600998596485823
5	3.177904073424089	3.0	0.17790407342408887
6	3.1779040734330115	3.0	0.1779040734330115
7	4.220230963382328	4.0	0.22023096338232762
8	4.220230963391764	4.0	0.22023096339176362
9	4.256616966989056	4.0	0.2566169669890561
10	4.256616967098918	4.0	0.25661696709891757
11	5.280362067125484	5.0	0.28036206712548406
12	5.298943856947625	5.0	0.29894385694762526
13	5.298943857056992	5.0	0.298943857056992
14	5.352736850479776	5.0	0.35273685047977565
15	5.352736851474441	5.0	0.35273685147444134
16	6.359074960681324	6.0	0.3590749606813244
17	6.3590749608001165	6.0	0.35907496080011647
18	6.395063740437864	6.0	0.3950637404378643
19	6.395063741433028	6.0	0.39506374143302825
20	6.461083334774212	6.0	0.46108333477421226
21	6.461083341825073	6.0	0.4610833418250726
22	7.437787854356053	7.0	0.4377878543560527
23	7.455194844180917	7.0	0.4551948441809168
24	7.455194845166656	7.0	0.4551948451666563
25	7.503410224732878	7.0	0.5034102247328782
26	7.503410231783245	7.0	0.5034102317832447
27	7.580316795113735	7.0	0.5803167951137347
28	7.58031683646776	7.0	0.5803168364677598
29	8.533907737736937	8.0	0.5339077377369374
30	8.533907738841465	8.0	0.5339077388414655
31	8.563541328466574	8.0	0.5635413284665738
32	8.563541335526367	8.0	0.5635413355263665
33	8.622643685072065	8.0	0.6226436850720649
34	8.622643726426581	8.0	0.6226437264265812
35	8.661026690241089	8.0	0.6610266902410888
36	8.661026874088376	8.0	0.6610268740883765
37	9.63002762222234	9.0	0.6300276222223395
38	9.64225422214124	9.0	0.64225422214124
39	9.642254229082253	9.0	0.642254229082253
40	9.682774788815252	9.0	0.6827747888152516
41	9.682774830160339	9.0	0.6827748301603389
42	9.703353580199611	9.0	0.7033535801996109
43	9.703353764046415	9.0	0.7033537640464154
44	9.826849573729625	9.0	0.8268495737296249
45	9.826850471844716	9.0	0.8268504718447165
46	10.561588764985856	10.0	0.5615887649858564
47	10.56159037334956	10.0	0.56159037334956
48	10.738374105522187	10.0	0.7383741055221869
49	10.738374113567717	10.0	0.7383741135677173
50	10.761487682371163	10.0	0.7614876823711629
51	10.761487723835044	10.0	0.7614877238350442
52	10.763484683933218	10.0	0.7634846839332177
53	10.763484867789442	10.0	0.7634848677894421
54	10.869176463687838	10.0	0.8691764636878379
55	10.869177361803422	10.0	0.8691773618034215
56	11.603915654944249	11.0	0.6039156549442488
57	11.603917263307464	11.0	0.6039172633074639
58	11.842197577607985	11.0	0.8421975776079851
59	11.842197761345426	11.0	0.8421977613454263
60	11.846720596867405	11.0	0.8467205968674048
61	11.857607566856528	11.0	0.8576075668565277
62	11.857607607215881	11.0	0.8576076072158809
63	11.929307567430866	11.0	0.9293075674308664
64	11.929308465537028	11.0	0.9293084655370283
65	12.186616970931986	11.0	1.1866169709319863
66	12.186632207462365	11.0	1.186632207462365
67	12.354238468521247	12.0	0.3542384685212472
68	12.354254156474836	12.0	0.3542541564748358
69	12.664046758678069	12.0	0.6640467586780687
70	12.664048367050706	12.0	0.6640483670507056
71	12.938317460988975	12.0	0.9383174609889746
72	12.938317645830939	12.0	0.9383176458309386
73	12.96595405015632	12.0	0.96595405015632
74	12.965954098561205	12.0	0.9659540985612054
75	13.008020460986964	12.0	1.0080204609869643
76	13.008021359211913	12.0	1.008021359211913
77	13.228943860890126	12.0	1.2289438608901264
78	13.228959097420995	12.0	1.2289590974209954
79	13.396565358479927	13.0	0.39656535847992735
80	13.396581046433027	13.0	0.3965810464330275
81	13.742759652352733	13.0	0.7427596523527331
82	13.742761260606587	13.0	0.7427612606065868
83	14.046663952334251	13.0	1.0466639523342511
84	14.04666412913067	13.0	1.0466641291306704
85	14.08518755185009	13.0	1.0851875518500904
86	14.104140345472311	13.0	1.1041403454723113
87	14.10414124259273	13.0	1.1041412425927302
88	14.28907496463328	13.0	1.2890749646332793
89	14.289090201154725	13.0	1.2890902011547247
90	14.456696462213705	13.0	1.4566964622137046
91	14.45671215017622	13.0	1.4567121501762195
92	14.838879535733707	14.0	0.8388795357337067
93	14.838881145092087	14.0	0.8388811450920866
94	14.916117863515526	14.0	0.9161178635155256
95	14.916389438169874	14.0	0.9163894381698743
96	14.931930513157608	14.0	0.9319305131576083
97	14.932202366417453	14.0	0.932202366417453
98	15.165897405623168	14.0	1.1658974056231681
99	15.165897630824487	14.0	1.165897630824487
100	15.212486828772125	14.0	1.2124868287721249
101	15.212487733938087	14.0	1.2124877339380866
102	15.367787858189251	14.0	1.367787858189251
103	15.367803094829492	14.0	1.3678030948294921
104	15.53540935588844	14.0	1.53540935588844
105	15.535425043732168	14.0	1.5354250437321681
106	15.947226027078845	15.0	0.9472260270788446
107	15.947227628391689	15.0	0.9472276283916887
108	15.958444753473735	15.0	0.958444753473735
109	15.958716328128558	15.0	0.958716328128558
110	15.974257403116276	15.0	0.9742574031162761
111	15.974529256375606	15.0	0.9745292563756056
112	16.246607484597572	15.0	1.2466074845975719
113	16.331720330465867	15.0	1.331720330465867
114	16.33172118722694	15.0	1.3317211872269397
115	16.463907742674643	15.0	1.4639077426746425
116	16.463922978210352	15.0	1.463922978210352
117	16.631529239269334	15.0	1.6315292392693337
118	16.631544928217593	15.0	1.6315449282175933
119	17.018575857216774	15.0	2.0185758572167742
120	17.01884743186216	15.0	2.0188474318621594
121	17.034388506849954	16.0	1.0343885068499539
122	17.034660360118725	16.0	1.0346603601187248
123	17.066459480367794	16.0	1.0664594803677936
124	17.066461130085518	16.0	1.0664611300855178
125	17.412430184238904	16.0	1.4124301842389038
126	17.412431266201292	16.0	1.412431266201292
127	17.57225422597443	16.0	1.5722542259744294
128	17.572269469555685	16.0	1.5722694695556854
129	17.73987573061461	16.0	1.7398757306146102
130	17.73989141151733	16.0	1.7398914115173305
131	18.097288750772762	16.0	2.097288750772762
132	18.09756032553696	16.0	2.0975603255369606
133	18.113101400524712	16.0	2.1131014005247124
134	18.11337325367468	16.0	2.1133732536746805
135	18.147169559342192	16.0	2.147169559342192
136	18.147170983858608	16.0	2.147170983858608
137	18.14850559120031	17.0	1.1485055912003084
138	18.150452536688896	17.0	1.1504525366888956
139	18.151581369225788	17.0	1.151581369225788
140	18.153528567202198	17.0	1.1535285672021978
141	18.578253965842734	17.0	1.578253965842734
142	18.691487727668246	17.0	1.691487727668246
143	18.69150292284461	17.0	1.6915029228446095
144	18.859109183903538	17.0	1.8591091839035379
145	18.859124913211154	17.0	1.8591249132111543
146	19.190832481158534	17.0	2.190832481158534
147	19.192779426647533	17.0	2.192779426647533
148	19.193408635258244	17.0	2.193408635258244
149	19.193680208917915	17.0	2.1936802089179146
150	19.193908259184397	17.0	2.193908259184397
151	19.195855457160413	17.0	2.1958554571604125
152	19.209221283905663	17.0	2.209221283905663
153	19.209493138160173	17.0	2.2094931381601732
154	19.312992258983602	18.0	1.312992258983602
155	19.3129947654624	18.0	1.312994765462399
156	19.77219758144117	18.0	1.7721975814411692
157	19.772213001818844	18.0	1.7722130018188444
158	19.93981926287785	18.0	1.939819262877851
159	19.93983476698414	18.0	1.9398347669841414
160	20.047733058603253	18.0	2.047733058603253
161	20.25096358490158	18.0	2.25096358490158
162	20.252910530381282	18.0	2.252910530381282
163	20.25403936291815	18.0	2.2540393629181494
164	20.25598656090352	18.0	2.2559865609035192
165	20.301755118557967	18.0	2.301755118557967
166	20.30202670026318	18.0	2.3020267002631805
167	20.31756777525092	18.0	2.3175677752509216
168	20.317839621459893	18.0	2.3178396214598926
169	20.938021363045106	18.0	2.938021363045106
170	20.93803570146039	18.0	2.9380357014603895
171	21.105641962519297	18.0	3.1056419625192966
172	21.105658548587975	19.0	2.105658548587975
173	21.32967647845752	19.0	2.3296764784575217
174	21.33162342405597	19.0	2.3316234240559695
175	21.332752256592862	19.0	2.332752256592862
176	21.334699454459408	19.0	2.3346994544594075
177	21.420988620251766	19.0	2.420988620251766
178	21.42126015355208	19.0	2.4212601535520797
179	21.43680122853982	19.0	2.436801228539821
180	21.437073123153684	19.0	2.4370731231536844
181	21.672759656185974	19.0	2.672759656185974
182	21.672776501080065	19.0	2.6727765010800653
183	21.84038276213896	19.0	2.8403827621389617
184	21.84039684172885	19.0	2.8403968417288503
185	21.890874481596345	19.0	2.890874481596345
186	21.893587811127404	19.0	2.8935878111274036
187	21.893764045093317	19.0	2.8937640450933166
188	21.896477618413886	19.0	2.8964776184138863
189	22.425796362943007	19.0	3.4257963629430073
190	22.427743307436906	19.0	3.4277433074369057
191	22.428872139973816	20.0	2.428872139973816
192	22.430819338944865	20.0	2.4308193389448647
193	22.501698474024792	20.0	2.501698474024792
194	22.50197023252641	20.0	2.5019702325264106
195	22.517511307514187	20.0	2.5175113075141873
196	22.51778297692673	20.0	2.5177829769267284
197	22.93320137155453	20.0	2.9332013715545315
198	22.935914701086034	20.0	2.935914701086034
199	22.936090935052032	20.0	2.9360909350520323
200	22.938804508372108	20.0	2.938804508372108
201	23.297803098662637	20.0	3.297803098662637
202	23.46540935972159	20.0	3.4654093597215905
203	23.46544028420556	20.0	3.4654402842055596
204	23.53414284624279	20.0	3.5341428462427906
205	23.53608979878221	20.0	3.5360897987822106
206	23.53721863131912	20.0	3.5372186313191207
207	23.539165822244648	20.0	3.539165822244648
208	23.633046545264644	20.0	3.6330465452646443
209	23.667522255628608	20.0	3.667522255628608
210	23.66779293216785	20.0	3.667792932167849
211	23.683334007155615	21.0	2.683334007155615
212	23.683606758530537	21.0	2.683606758530537
213	23.993332475297628	21.0	2.9933324752976276
214	23.996045804819733	21.0	2.996045804819733
215	23.99622203878564	21.0	2.996222038785639
216	23.99893561211513	21.0	2.9989356121151296
217	24.402260548769487	21.0	3.402260548769487
218	24.402533731787518	21.0	3.4025337317875177
219	24.418074806775266	21.0	3.418074806775266
220	24.41834505167141	21.0	3.418345051671409
221	24.65337634793655	21.0	3.6533763479365504
222	24.65532325207109	21.0	3.6553232520710885
223	24.656452084607988	21.0	3.656452084607988
224	24.65839932393839	21.0	3.65839932393839
225	25.072045368853626	21.0	4.072045368853626
226	25.074758698494488	21.0	4.074758698494488
227	25.074934932460383	21.0	4.074934932460383
228	25.077648505671092	21.0	4.0776485056710925
229	25.734086201709584	21.0	4.734086201709584
230	25.736033331045448	21.0	4.736033331045448
231	25.737162163582354	21.0	4.737162163582354
232	25.73910917771143	22.0	3.7391091777114305
233	26.0273039912462	22.0	4.0273039912462
234	26.027560329370154	22.0	4.027560329370154
235	26.043101404357923	22.0	4.043101404357923
236	26.04338849414815	22.0	4.04338849414815
237	26.129620573893103	22.0	4.129620573893103
238	26.13267686776783	22.0	4.132676867767831
239	26.132855851756602	22.0	4.132855851756602
240	26.135912385422877	22.0	4.135912385422877
241	26.168165253339073	22.0	4.1681652533390725
242	26.17087858187545	22.0	4.170878581875449
243	26.171054815841302	22.0	4.171054815841302
244	26.17376839015657	22.0	4.173768390156571
245	26.194910252305174	22.0	4.194910252305174
246	26.19519751491309	22.0	4.19519751491309
247	26.210738589900842	22.0	4.210738589900842
248	26.210994755207096	22.0	4.210994755207096
249	26.89990998331345	22.0	4.899909983313449
250	26.901856030686908	22.0	4.901856030686908
251	26.902984863223796	22.0	4.9029848632237965
252	26.904932959315254	22.0	4.9049329593152535
253	27.171947463851236	22.0	5.171947463851236
254	27.17500375772649	23.0	4.17500375772649
255	27.17518274171523	23.0	4.175182741715229
256	27.17823927538102	23.0	4.178239275381021
257	27.276511736638867	23.0	4.2765117366388665
258	27.27922507322077	23.0	4.279225073220768
259	27.27940130718667	23.0	4.279401307186671
260	27.282114873456372	23.0	4.282114873456372
261	27.634648276454268	23.0	4.634648276454268
262	27.63659683030656	23.0	4.636596830306559
263	27.637725662843433	23.0	4.637725662843433
264	27.639671252456132	23.0	4.639671252456132
265	28.23207856759437	23.0	5.232078567594371
266	28.235134861460146	23.0	5.235134861460146
267	28.23531384544896	23.0	5.23531384544896
268	28.238370379124216	23.0	5.238370379124216
269	28.395745238332644	23.0	5.395745238332644
270	28.398458526509646	23.0	5.398458526509646
271	28.39863476047553	23.0	5.398634760475531
272	28.401348375150135	23.0	5.401348375150135
273	28.757061221953702	23.0	5.757061221953702
274	28.77260229694149	23.0	5.772602296941489
275	28.77314572485565	23.0	5.773145724855649
276	28.78868679984341	23.0	5.788686799843411
277	29.259691718931066	24.0	5.259691718931066
278	29.261623427889248	24.0	5.261623427889248
279	29.26275226042615	24.0	5.262752260426151
280	29.264714694932913	24.0	5.264714694932913
281	29.310791461150266	24.0	5.3107914611502665
282	29.313847755134848	24.0	5.313847755134848
283	29.314026739123697	24.0	5.3140267391236975
284	29.31708327268015	24.0	5.317083272680151
285	29.427297979989987	24.0	5.427297979989987
286	29.42926061343213	24.0	5.429260613432131
287	29.43038944596905	24.0	5.430389445969048
288	29.432320955991848	24.0	5.432320955991848
289	29.47645509210567	24.0	5.47645509210567
290	29.479168605483984	24.0	5.479168605483984
291	29.479344839449876	24.0	5.479344839449876
292	29.482058228923144	24.0	5.482058228923144
293	30.406911345635773	24.0	6.406911345635773
294	30.40996763851583	24.0	6.40996763851583
295	30.41014662250459	24.0	6.410146622504591
296	30.413203157165576	24.0	6.413203157165576
297	30.642278873709458	24.0	6.642278873709458
298	30.64499130512539	24.0	6.644991305125391
299	30.64516753909132	24.0	6.645167539091322
300	30.647882010526963	24.0	6.647882010526963
301	30.856233450048908	25.0	5.856233450048908
302	30.859620504204965	25.0	5.859620504204965
303	30.85981877825904	25.0	5.85981877825904
304	30.863206070087706	25.0	5.863206070087706
305	31.377017166850337	25.0	6.377017166850337
306	31.379732104745088	25.0	6.379732104745088
307	31.37990833871099	25.0	6.37990833871099
308	31.382620303667835	25.0	6.382620303667835
309	31.515257828935518	25.0	6.515257828935518
310	31.51831412986111	25.0	6.5183141298611105
311	31.518493113849935	25.0	6.518493113849935
312	31.52154964046543	25.0	6.52154964046543
313	31.89856034000702	25.0	6.89856034000702
314	31.90194739416352	25.0	6.901947394163521
315	31.902145668217692	25.0	6.902145668217692
316	31.905532960045882	25.0	6.905532960045882
317	31.989448949638533	25.0	6.989448949638533
318	31.99112432047277	25.0	6.991124320472771
319	31.992253153009656	25.0	6.992253153009656
320	31.994471925640408	25.0	6.994471925640408
321	32.00499002462625	25.0	7.004990024626252
322	32.007208823374704	25.0	7.007208823374704
323	32.008337655911625	25.0	7.008337655911625
324	32.01001300062816	25.0	7.010013000628163
325	32.634491330629324	25.0	7.634491330629324
326	32.63754758315001	26.0	6.63754758315001
327	32.63772656713877	26.0	6.63772656713877
328	32.64078314215914	26.0	6.640783142159137
329	32.95869144375018	26.0	6.958691443750183
330	32.96207849789725	26.0	6.962078497897252
331	32.9622767719514	26.0	6.962276771951402
332	32.965664063789	26.0	6.965664063788999
333	33.00206060932706	26.0	7.00206060932706
334	33.00475870232775	26.0	7.004758702327749
335	33.004934936293644	26.0	7.004934936293644
336	33.00766374614459	26.0	7.007663746144587
337	33.169666870386024	26.0	7.169666870386024
338	33.17239588787067	26.0	7.172395887870671
339	33.172572121836545	26.0	7.172572121836545
340	33.17527000720352	26.0	7.1752700072035225
341	33.71520118440232	26.0	7.715201184402318
342	33.718257662124344	26.0	7.718257662124344
343	33.71843664611315	26.0	7.7184366461131475
344	33.72149299593218	26.0	7.721492995932181
345	34.03740433730618	26.0	8.037404337306178
346	34.040791391572014	26.0	8.040791391572014
347	34.04098966562613	26.0	8.040989665626128
348	34.04437695734493	26.0	8.04437695734493
349	34.88102496600617	26.0	8.881024966006173
350	34.88408036176579	26.0	8.88408036176579
351	34.884259345754586	26.0	8.884259345754586
352	34.88731677753598	27.0	7.887316777535979
353	35.133524221791625	27.0	8.133524221791625
354	35.13691127495296	27.0	8.136911274952958
355	35.137109549007064	27.0	8.137109549007064
356	35.14049684183037	27.0	8.14049684183037
357	35.223512048157595	27.0	8.223512048157595
358	35.2246408806945	27.0	8.224640880694501
359	35.228535024159456	27.0	8.228535024159456
360	35.22966385669633	27.0	8.229663856696327
361	35.615763259147045	27.0	8.615763259147045
362	35.61882116138547	27.0	8.618821161385469
363	35.61900014537426	27.0	8.619000145374258
364	35.6220550706769	27.0	8.6220550706769
365	35.731817840034545	27.0	8.731817840034545
366	35.73425959491128	27.0	8.73425959491128
367	35.73443582887719	27.0	8.734435828877189
368	35.73742097685209	27.0	8.737420976852093
369	35.74735891502233	27.0	8.747358915022332
370	35.7503440978132	27.0	8.750344097813198
371	35.750520331779114	27.0	8.750520331779114
372	35.75296205183985	27.0	8.752962051839852
373	36.06624529304907	27.0	9.066245293049072
374	36.06996082463104	27.0	9.069960824631039
375	36.07017832632918	27.0	9.070178326329177
376	36.073894094356426	27.0	9.073894094356426
377	36.241870705091365	27.0	9.241870705091365
378	36.245257766298266	27.0	9.245257766298266
379	36.24545604035238	28.0	8.24545604035238
380	36.24884332513019	28.0	8.248843325130188
381	37.10857218300728	28.0	9.108572183007283
382	37.112287714589726	28.0	9.112287714589726
383	37.112505216287815	28.0	9.112505216287815
384	37.116220984314644	28.0	9.116220984314644
385	37.24080670162371	28.0	9.240806701623711
386	37.243847758968094	28.0	9.243847758968094
387	37.244026742956905	28.0	9.244026742956905
388	37.2470985131536	28.0	9.247098513153603
389	37.361104206785114	28.0	9.361104206785114
390	37.36449121958713	28.0	9.36449121958713
391	37.36468949364128	28.0	9.36468949364128
392	37.368076826823966	28.0	9.368076826823966
393	37.40841296268269	28.0	9.40841296268269
394	37.411484944511024	28.0	9.411484944511024
395	37.41166392849984	28.0	9.411663928499841
396	37.41470477421259	28.0	9.414704774212588
397	38.16870328675037	28.0	10.168703286750372
398	38.17241881832339	28.0	10.172418818323393
399	38.17263632002151	28.0	10.17263632002151
400	38.176352088057726	28.0	10.176352088057726
401	38.44181406055819	28.0	10.441814060558187
402	38.44520129856149	28.0	10.445201298561493
403	38.44539957261557	28.0	10.445399572615571
404	38.44878668059697	28.0	10.448786680596967
405	38.96588093855362	28.0	10.965880938553617
406	38.966647322596096	28.0	10.966647322596096
407	38.966823556562	29.0	9.966823556561998
408	38.96700977109048	29.0	9.967009771090481
409	38.97148407537113	29.0	9.97148407537113
410	38.971670298597935	29.0	9.971670298597935
411	38.97184653256383	29.0	9.97184653256383
412	38.972612907908015	29.0	9.972612907908015
413	39.24741618030632	29.0	10.247416180306317
414	39.251131711998184	29.0	10.251131711998184
415	39.25134921369626	29.0	10.251349213696258
416	39.255064981613714	29.0	10.255064981613714
417	39.607637842162006	29.0	10.607637842162006
418	39.61102399820293	29.0	10.611023998202931
419	39.61122227225703	29.0	10.61122227225703
420	39.61461046220079	29.0	10.614610462200787
421	39.97056393233125	29.0	10.970563932331252
422	39.973348651551646	29.0	10.973348651551646
423	39.97352763554047	29.0	10.97352763554047
424	39.97685574386113	29.0	10.97685574386113
425	39.986105007319004	29.0	10.986105007319004
426	39.98943315445354	29.0	10.989433154453543
427	39.989612138442375	29.0	10.989612138442375
428	39.99239681884888	29.0	10.992396818848881
429	40.34237613530287	29.0	11.342376135302871
430	40.343536064791756	29.0	11.343536064791756
431	40.345764797822596	29.0	11.345764797822596
432	40.34596307187672	29.0	11.345963071876717
433	40.34725159537909	29.0	11.347251595379092
434	40.347469097077216	29.0	11.347469097077216
435	40.34934875534169	29.0	11.349348755341687
436	40.351184866099146	30.0	10.351184866099146
437	41.45188254809155	30.0	11.451882548091547
438	41.455598086724414	30.0	11.455598086724414
439	41.45581558842253	30.0	11.455815588422531
440	41.45953134939897	30.0	11.459531349398972
441	41.75712459092775	30.0	11.757124590927752
442	41.76116725957127	30.0	11.761167259571273
443	41.761403910754154	30.0	11.761403910754154
444	41.76544681508496	30.0	11.765446815084957
445	41.96741957777957	30.0	11.967419577779573
446	41.97079139540523	30.0	11.970791395405229
447	41.97098966945935	30.0	11.97098966945935
448	41.97439219781845	30.0	11.974392197818453
449	42.135025838838494	30.0	12.135025838838494
450	42.13842858094812	30.0	12.138428580948123
451	42.13862685500228	30.0	12.13862685500228
452	42.14199845887738	30.0	12.141998458877381
453	42.57111604978533	30.0	12.571116049785331
454	42.57483154001331	30.0	12.574831540013307
455	42.575049041711395	30.0	12.575049041711395
456	42.57876485109272	30.0	12.578764851092721
457	42.709016212992076	30.0	12.709016212992076
458	42.70919244695802	30.0	12.70919244695802
459	42.71461934980963	30.0	12.714619349809631
460	42.71479558377549	30.0	12.71479558377549
461	42.79945148088594	30.0	12.799451480885942
462	42.803494149529975	30.0	12.803494149529975
463	42.803730800712735	30.0	12.803730800712735
464	42.80777370504306	30.0	12.807773705043061
465	43.204627030850276	30.0	13.204627030850276
466	43.20573637923642	31.0	12.20573637923642
467	43.20575586338718	31.0	12.205755863387182
468	43.20591536322531	31.0	12.205915363225309
469	43.210759355238274	31.0	12.210759355238274
470	43.21091884238022	31.0	12.210918842380217
471	43.210938339227134	31.0	12.210938339227134
472	43.21204767491706	31.0	12.21204767491706
473	43.65182590355834	31.0	12.65182590355834
474	43.655541618987634	31.0	12.655541618987634
475	43.65575912068573	31.0	12.65575912068573
476	43.65947470486573	31.0	12.65947470486573
477	43.859582584629095	31.0	12.859582584629095
478	43.863625253263685	31.0	12.863625253263685
479	43.863861904446466	31.0	12.863861904446466
480	43.86790480878619	31.0	12.867904808786193
481	44.697176808487036	31.0	13.697176808487036
482	44.70029228798874	31.0	13.700292287988738
483	44.700490562042894	31.0	13.700490562042894
484	44.70414942852592	31.0	13.704149428525923
485	44.71271788347478	31.0	13.712717883474781
486	44.716376790890656	31.0	13.716376790890656
487	44.71657506494483	31.0	13.716575064944827
488	44.71969050351368	31.0	13.719690503513682
489	44.81764968516217	31.0	13.817649685162174
490	44.82136431862907	31.0	13.821364318629072
491	44.82158182032719	31.0	13.82158182032719
492	44.82529848646954	31.0	13.825298486469542
493	44.938295478185	31.0	13.938295478184997
494	44.94233814693846	31.0	13.94233814693846
495	44.94257479812122	31.0	13.942574798121221
496	44.94661770234216	31.0	13.94661770234216
497	45.55238797830307	32.0	13.552387978303067
498	45.55610511824874	32.0	13.556105118248738
499	45.55632261994684	32.0	13.55632261994684
500	45.560036779610435	32.0	13.560036779610435
501	46.034415362670444	32.0	14.034415362670444
502	46.0384580303194	32.0	14.038458030319397
503	46.03869468150218	32.0	14.038694681502179
504	46.04273758682762	32.0	14.04273758682762
505	46.94776230528873	32.0	14.947762305288727
506	46.94793853925466	32.0	14.947938539254658
507	46.94810526963246	32.0	14.948105269632457
508	46.94828425362136	32.0	14.94828425362136
509	46.95370840644997	32.0	14.95370840644997
510	46.95388739043874	32.0	14.953887390438737
511	46.954054116818675	32.0	14.954054116818675
512	46.954230350784556	32.0	14.954230350784556
513	47.14276184597024	32.0	15.142761845970242
514	47.14680452166474	32.0	15.146804521664741
515	47.14704117284748	32.0	15.14704117284748
516	47.15108407012738	32.0	15.151084070127382
517	47.17743142077974	32.0	15.17743142077974
518	47.18113171583139	32.0	15.181131715831391
519	47.18134921752944	32.0	15.181349217529437
520	47.18508022208717	32.0	15.185080222087173
521	47.345037681838726	32.0	15.345037681838726
522	47.34876890137432	32.0	15.34876890137432
523	47.34898640307236	32.0	15.34898640307236
524	47.35268648314611	32.0	15.352686483146108
525	47.92727472500052	32.0	15.927274725000522
526	47.931239907006066	32.0	15.931239907006066
527	47.93164373851546	32.0	15.931643738515461
528	47.931899492820655	32.0	15.931899492820655
529	47.93236873954295	33.0	14.932368739542952
530	47.932680015673554	33.0	14.932680015673554
531	47.93287828972766	33.0	14.932878289727661
532	47.936268741557825	33.0	14.936268741557825
533	47.93770299167539	33.0	14.937702991675387
534	47.937901265729586	33.0	14.937901265729586
535	47.93821252704496	33.0	14.93821252704496
536	47.93934135958185	33.0	14.939341359581853
537	48.261995347664005	33.0	15.261995347664005
538	48.266037974953605	33.0	15.266037974953605
539	48.266274626136415	33.0	15.266274626136415
540	48.270317571821145	33.0	15.270317571821145
541	48.96960161495871	33.0	15.969601614958712
542	48.97397062847414	33.0	15.973970628474142
543	48.97422638277929	33.0	15.974226382779293
544	48.97859563151592	33.0	15.978595631515923
545	49.34270520143692	33.0	16.34270520143692
546	49.34674805392786	33.0	16.34674805392786
547	49.346984705110714	33.0	16.346984705110714
548	49.351027425594175	33.0	16.351027425594175
549	49.90718865148722	33.0	16.907188651487218
550	49.910632608414936	33.0	16.910632608414936
551	49.91085011011302	33.0	16.910850110113017
552	49.9148374527946	33.0	16.9148374527946
553	49.92272972647496	33.0	16.922729726474962
554	49.92671711131684	33.0	16.92671711131684
555	49.9269346130149	33.0	16.9269346130149
556	49.93037852778235	33.0	16.930378527782352
557	50.02973271870175	33.0	17.02973271870175
558	50.03410173220782	33.0	17.034101732207823
559	50.03435748651296	33.0	17.03435748651296
560	50.03872673525917	33.0	17.038726735259168
561	50.508528983040854	33.0	17.508528983040854
562	50.512570753569385	34.0	16.512570753569385
563	50.51280740475215	34.0	16.512807404752152
564	50.516851207198	34.0	16.516851207198002
565	51.10844561225779	34.0	17.10844561225779
566	51.11281462588261	34.0	17.112814625882613
567	51.11307038018773	34.0	17.11307038018773
568	51.11743962881504	34.0	17.117439628815042
569	51.18685136192914	34.0	17.186851361929143
570	51.187030345918075	34.0	17.187030345918075
571	51.1931431734591	34.0	17.1931431734591
572	51.19332215744786	34.0	17.19332215744786
573	51.24326727618175	34.0	17.243267276181747
574	51.24731155318908	34.0	17.24731155318908
575	51.247548204371824	34.0	17.247548204371824
576	51.25158950033888	34.0	17.25158950033888
577	51.67437518144455	34.0	17.674375181444553
578	51.67455141541046	34.0	17.674551415410463
579	51.67504890606961	34.0	17.675048906069613
580	51.675247180123655	34.0	17.675247180123655
581	51.6806520428872	34.0	17.680652042887203
582	51.6808503169413	34.0	17.680850316941303
583	51.68134780148346	34.0	17.68134780148346
584	51.68152403544938	34.0	17.681524035449378
585	52.20456549674324	34.0	18.204565496743243
586	52.20893450926354	34.0	18.208934509263543
587	52.20919026356865	34.0	18.20919026356865
588	52.213559513300474	34.0	18.213559513300474
589	52.86831071865842	34.0	18.86831071865842
590	52.872338150771675	34.0	18.872338150771675
591	52.87257480195447	34.0	18.87257480195447
592	52.87663294281561	34.0	18.87663294281561
593	53.035916979717435	34.0	19.035916979717435
594	53.03997533631463	34.0	19.039975336314633
595	53.04021198749739	34.0	19.040211987497393
596	53.04423920387457	35.0	18.044239203874568
597	53.14125175000633	35.0	18.141251750006333
598	53.14238058254322	35.0	18.14238058254322
599	53.14302033609976	35.0	18.14302033609976
600	53.14323783779779	35.0	18.14323783779779
601	53.14804331210164	35.0	18.148043312101642
602	53.14826081379971	35.0	18.14826081379971
603	53.14890055131364	35.0	18.148900551313638
604	53.150029383850544	35.0	18.150029383850544
605	53.31291198004306	35.0	18.31291198004306
606	53.317281000608865	35.0	18.317281000608865
607	53.31753675491402	35.0	18.317536754914023
608	53.321905996600364	35.0	18.321905996600364
609	54.43214548173675	35.0	19.432145481736747
610	54.436514453897686	35.0	19.436514453897686
611	54.43677020820285	35.0	19.43677020820285
612	54.44113949829411	35.0	19.441139498294113
613	54.799924658437654	35.0	19.799924658437654
614	54.8045886785304	35.0	19.8045886785304
615	54.804861701638	35.0	19.804861701638004
616	54.80952596055029	35.0	19.80952596055029
617	55.51285533550978	35.0	20.512855335509776
618	55.51722453287209	35.0	20.517224532872092
619	55.517480287177236	35.0	20.517480287177236
620	55.521849352067136	35.0	20.521849352067136
621	55.59806794936589	35.0	20.59806794936589
622	55.601839043355255	35.0	20.601839043355255
623	55.602075694538	35.0	20.602075694538
624	55.606390173523124	35.0	20.606390173523124
625	55.61360902435362	35.0	20.61360902435362
626	55.6179235462572	35.0	20.617923546257202
627	55.618160197439906	35.0	20.618160197439906
628	55.6219312485109	35.0	20.621931248510897
629	55.842251548395815	35.0	20.842251548395815
630	55.846915568489024	35.0	20.846915568489024
631	55.847188591596634	36.0	19.847188591596634
632	55.85185285050846	36.0	19.851852850508457
633	55.913464238084934	36.0	19.913464238084934
634	55.913643222073745	36.0	19.913643222073745
635	55.91379499836628	36.0	19.913794998366278
636	55.91399327242046	36.0	19.913993272420463
637	55.920086809896134	36.0	19.920086809896134
638	55.920285083950226	36.0	19.920285083950226
639	55.92043685812375	36.0	19.92043685812375
640	55.92061584211264	36.0	19.92061584211264
641	56.67867911711359	36.0	20.67867911711359
642	56.683047232513466	36.0	20.683047232513466
643	56.683302986818646	36.0	20.683302986818646
644	56.68767313367095	36.0	20.68767313367095
645	56.88438702444485	36.0	20.884387024444848
646	56.88456325841065	36.0	20.88456325841065
647	56.88538922649583	36.0	20.885389226495832
648	56.88560672819384	36.0	20.885606728193842
649	56.890992363313245	36.0	20.890992363313245
650	56.891209865011355	36.0	20.891209865011355
651	56.892035825752075	36.0	20.892035825752075
652	56.89221205971808	36.0	20.892212059718076
653	56.90238265213897	36.0	20.902382652138968
654	56.90704667222288	36.0	20.907046672222883
655	56.907319695330294	36.0	20.907319695330294
656	56.91198395425157	36.0	20.911983954251568
657	57.41341741025446	36.0	21.41341741025446
658	57.41778803213316	36.0	21.41778803213316
659	57.41804378643834	36.0	21.41804378643834
660	57.422411426811856	36.0	21.422411426811856
661	57.98109554569485	36.0	21.98109554569485
662	57.9857595658975	36.0	21.985759565897503
663	57.986032589005035	36.0	21.986032589005035
664	57.990696847807435	36.0	21.990696847807435
665	58.83213104788506	36.0	22.832131047885063
666	58.833259880421885	36.0	22.833259880421885
667	58.83422677104008	37.0	21.83422677104008
668	58.834463422222825	37.0	21.834463422222825
669	58.83924974704196	37.0	21.83924974704196
670	58.83948639822464	37.0	21.839486398224643
671	58.84045327204215	37.0	21.840453272042147
672	58.84158210457901	37.0	21.84158210457901
673	59.0384608527312	37.0	22.0384608527312
674	59.042814629715856	37.0	22.042814629715856
675	59.04307038402089	37.0	22.043070384020893
676	59.04745486928847	37.0	22.047454869288472
677	59.07721543018037	37.0	22.077215430180367
678	59.081879449278404	37.0	22.081879449278404
679	59.08215247238594	37.0	22.082152472385943
680	59.08681673229292	37.0	22.086816732292917
681	59.206067113790205	37.0	22.206067113790205
682	59.21045181525878	37.0	22.21045181525878
683	59.21070756956377	37.0	22.210707569563773
684	59.215061130347394	37.0	22.215061130347394
685	60.18556191348008	37.0	23.18556191348008
686	60.190225940623684	37.0	23.190225940623684
687	60.19049896373127	37.0	23.190498963731272
688	60.19516321559267	37.0	23.19516321559267
689	60.64040787452218	37.0	23.640407874522182
690	60.64060614857623	37.0	23.640606148576232
691	60.64738049456082	37.0	23.64738049456082
692	60.647578768615176	37.0	23.647578768615176
693	61.123476081085265	37.0	24.123476081085265
694	61.123655065074075	37.0	24.123655065074075
695	61.124135318792426	37.0	24.124135318792426
696	61.12435282049054	37.0	24.124352820490543
697	61.13042713032233	37.0	24.13042713032233
698	61.13064463202034	37.0	24.130644632020342
699	61.13112488239251	37.0	24.131124882392513
700	61.131303866381394	37.0	24.131303866381394
701	61.30479541517394	37.0	24.304795415173942
702	61.309459393912725	37.0	24.309459393912725
703	61.3097324170201	37.0	24.3097324170201
704	61.314396717286435	38.0	23.314396717286435
705	61.768218083438704	38.0	23.768218083438704
706	61.772315522299394	38.0	23.772315522299394
707	61.77257127660443	38.0	23.77257127660443
708	61.77721209999598	38.0	23.777212099995978
709	61.78375915842639	38.0	23.783759158426392
710	61.78840002520136	38.0	23.788400025201362
711	61.78865577950637	38.0	23.78865577950637
712	61.79275317498375	38.0	23.79275317498375
713	62.38550526894689	38.0	24.385505268946893
714	62.39016947288693	38.0	24.39016947288693
715	62.39044249599435	38.0	24.39044249599435
716	62.39510657105937	38.0	24.395106571059372
717	62.5752663223235	38.0	24.5752663223235
718	62.575442556289204	38.0	24.575442556289204
719	62.5765956614361	38.0	24.5765956614361
720	62.57683231261896	38.0	24.57683231261896
721	62.58219879825368	38.0	24.58219879825368
722	62.58243544943633	38.0	24.582435449436332
723	62.58358854648055	38.0	24.58358854648055
724	62.583764780446465	38.0	24.583764780446465
725	63.55132905055075	38.0	25.55132905055075
726	63.55599217252853	38.0	25.555992172528534
727	63.55626519563593	38.0	25.55626519563593
728	63.560930352663355	38.0	25.560930352663355
729	64.28606734369164	38.0	26.28606734369164
730	64.29073297214815	38.0	26.29073297214815
731	64.29100599525574	38.0	26.291005995255745
732	64.29566864580431	38.0	26.295668645804312
733	65.00228118195788	38.0	27.002281181957883
734	65.00341001449489	38.0	27.00341001449489
735	65.00470324998436	38.0	27.00470324998436
736	65.00495900428929	38.0	27.00495900428929
737	65.00972622598623	38.0	27.009726225986228
738	65.009981980291	38.0	27.009981980291002
739	65.01127519851501	38.0	27.01127519851501
740	65.0124040310519	38.0	27.0124040310519
741	65.85041971752248	38.0	27.850419717522485
742	65.85061799157624	39.0	26.850617991576243
743	65.85074819494828	39.0	26.85074819494828
744	65.85096569664628	39.0	26.850965696646284
745	65.85772081498723	39.0	26.857720814987232
746	65.85793831668526	39.0	26.857938316685264
747	65.85806851882985	39.0	26.858068518829853
748	65.8582667928839	39.0	26.858266792883896
749	65.91111078616836	39.0	26.911110786168365
750	65.91575956973075	39.0	26.915759569730753
751	65.91603259283829	39.0	26.91603259283829
752	65.92071208828098	39.0	26.92071208828098
753	66.07871704722704	39.0	27.078717047227045
754	66.08339675527347	39.0	27.08339675527347
755	66.083669778381	39.0	27.083669778380994
756	66.08831834933974	39.0	27.088318349339744
757	66.81435537896378	39.0	27.814355378963782
758	66.81453436295284	39.0	27.81453436295284
759	66.81534175373257	39.0	27.815341753732568
760	66.81557840491541	39.0	27.815578404915414
761	66.8216335652628	39.0	27.8216335652628
762	66.82187021644525	39.0	27.821870216445248
763	66.82267760312115	39.0	27.82267760312115
764	66.8228565871097	39.0	27.822856587109698
765	68.64086801687576	39.0	29.640868016875757
766	68.64526046231433	39.0	29.645260462314326
767	68.64553348542175	39.0	29.64553348542175
768	68.65046931898839	39.0	29.650469318988385
769	68.65640909186361	39.0	29.65640909186361
770	68.66134496521636	39.0	29.661344965216358
771	68.66161798832371	39.0	29.661617988323712
772	68.66601039397607	39.0	29.666010393976066
773	68.74541645639621	39.0	29.745416456396214
774	68.74559269036205	39.0	29.745592690362045
775	68.74707214038024	39.0	29.74707214038024
776	68.74732789468521	39.0	29.747327894685213
777	68.75267527719771	39.0	29.75267527719771
778	68.75293103150285	39.0	29.752931031502854
779	68.75441047295351	39.0	29.75441047295351
780	68.75458670691945	39.0	29.754586706919454
781	71.06076003794841	40.0	31.060760037948413
782	71.06097753964632	40.0	31.060977539646316
783	71.06840883925577	40.0	31.068408839255767
784	71.06862634095404	40.0	31.06862634095404
785	71.541299015401	40.0	31.541299015400995
786	71.54149728945497	40.0	31.541497289454966
787	71.54195462988864	40.0	31.541954629888636
788	71.54219128107141	40.0	31.54219128107141
789	71.54892724992749	40.0	31.548927249927488
790	71.54916390111025	40.0	31.549163901110248
791	71.54962123955809	40.0	31.549621239558093
792	71.54981951361235	40.0	31.54981951361235
793	71.87493111539445	40.0	31.874931115394446
794	71.87605994793176	40.0	31.876059947931765
795	71.87764818999916	40.0	31.877648189999164
796	71.87792121310612	40.0	31.87792121310612
797	71.88267116600093	40.0	31.882671166000932
798	71.88294418910861	40.0	31.882944189108613
799	71.88453241750742	40.0	31.884532417507415
800	71.8856612500444	40.0	31.885661250044393
801	72.98450551303665	40.0	32.98450551303665
802	72.98468449702563	40.0	32.984684497025626
803	72.9858182326769	40.0	32.985818232676905
804	72.98607398698198	40.0	32.98607398698198
805	72.99211004420658	40.0	32.99211004420658
806	72.99236579851188	40.0	32.992365798511884
807	72.99349952959389	40.0	32.99349952959389
808	72.9936785135828	40.0	32.99367851358279
809	75.61806638983342	40.0	35.618066389833416
810	75.61824262379955	40.0	35.618242623799546
811	75.62001708039502	40.0	35.620017080395016
812	75.62029010350278	40.0	35.62029010350278
813	75.62562021721284	40.0	35.62562021721284
814	75.62589324032031	40.0	35.62589324032031
815	75.62766769194593	40.0	35.62766769194593
816	75.62784392591195	40.0	35.62784392591195
817	76.75163933582702	40.0	36.75163933582702
818	76.75185683752512	40.0	36.751856837525125
819	76.75196647288887	40.0	36.75196647288887
820	76.75220312407144	40.0	36.75220312407144
821	76.7596152741963	41.0	35.75961527419631
822	76.75985192537898	41.0	35.75985192537898
823	76.75996155998443	41.0	35.75996155998443
824	76.7601790616825	41.0	35.76017906168251
825	77.71144914947395	41.0	36.71144914947395
826	77.71164742352781	41.0	36.71164742352781
827	77.71243110883294	41.0	36.712431108832945
828	77.7126868631378	41.0	36.712686863137804
829	77.71940372887157	41.0	36.71940372887157
830	77.71965948317678	41.0	36.719659483176784
831	77.72044316603123	41.0	36.72044316603123
832	77.72064144008527	41.0	36.720641440085274
833	79.8571554464739	41.0	38.8571554464739
834	79.85733443046234	41.0	38.857334430462345
835	79.85876317269191	41.0	38.85876317269191
836	79.85903619579926	41.0	38.85903619579926
837	79.86505498422173	41.0	38.86505498422173
838	79.86532800732925	41.0	38.86532800732925
839	79.86675674858627	41.0	38.86675674858627
840	79.86693573257517	41.0	38.86693573257517
841	82.44284577076745	41.0	41.44284577076745
842	82.44308242195012	41.0	41.44308242195012
843	82.45116799492462	41.0	41.45116799492462
844	82.45140464610758	41.0	41.45140464610758
845	82.92178946990038	41.0	41.921789469900375
846	82.92200697159781	41.0	41.92200697159781
847	82.92244295183295	41.0	41.92244295183295
848	82.92269870613788	41.0	41.92269870613788
849	82.93009175314012	41.0	41.93009175314012
850	82.93034750744542	41.0	41.93034750744542
851	82.93078348645747	41.0	41.93078348645747
852	82.9310009881555	41.0	41.9310009881555
853	84.58409908291087	41.0	43.58409908291087
854	84.58429735696502	41.0	43.584297356965024
855	84.5853760488478	41.0	43.585376048847806
856	84.58564907195374	41.0	43.58564907195374
857	84.59234866888626	41.0	43.59234866888626
858	84.59262169199457	41.0	43.592621691994566
859	84.59370038502374	41.0	43.59370038502374
860	84.59389865907809	41.0	43.59389865907809
861	88.6129959048405	41.0	47.6129959048405
862	88.61323255602294	42.0	46.613232556022936
863	88.61332224971157	42.0	46.61332224971157
864	88.61357800401719	42.0	46.613578004017185
865	88.6216444738687	42.0	46.6216444738687
866	88.6219002281739	42.0	46.6219002281739
867	88.62198992139727	42.0	46.62198992139727
868	88.62222657258043	42.0	46.62222657258043
869	89.7944394033372	42.0	47.79443940333719
870	89.79465690503478	42.0	47.794656905034785
871	89.79538789184804	42.0	47.79538789184804
872	89.79566091495579	42.0	47.79566091495579
873	89.80303669315536	42.0	47.80303669315536
874	89.8033097162624	42.0	47.803309716262405
875	89.80404070544974	42.0	47.80404070544974
876	89.80425820714726	42.0	47.80425820714726
877	94.78347238378431	42.0	52.783472383784314
878	94.7837281380895	42.0	52.7837281380895
879	94.7924664003418	42.0	52.792466400341794
880	94.79272215464674	42.0	52.79272215464674
881	95.48564583827745	42.0	53.48564583827745
882	95.48588248945957	42.0	53.48588248945957
883	95.48626718972712	42.0	53.486267189727116
884	95.48654021283392	42.0	53.486540212833916
885	95.49458941388357	42.0	53.494589413883574
886	95.494862436991	42.0	53.494862436991
887	95.49524714039015	42.0	53.49524714039015
888	95.49548379157248	42.0	53.49548379157248
889	101.65612231722092	42.0	59.65612231722092
890	101.65637807152685	42.0	59.656378071526845
891	101.65641732379987	42.0	59.65641732379987
892	101.65669034690693	42.0	59.65669034690693
893	101.66541134035634	42.0	59.66541134035634
894	101.66568436346407	42.0	59.66568436346407
895	101.66572361933372	42.0	59.66572361933372
896	101.6659793736392	42.0	59.6659793736392
897	108.52906725723612	42.0	66.52906725723612
898	108.52934028034393	42.0	66.52934028034393
899	108.5386685593488	42.0	66.5386685593488
900	108.53894158245649	42.0	66.53894158245649
