   8.4428451645587078E-003
   8.6141731773386049E-003
   8.6141731773388217E-003
   8.7889778958253860E-003
   8.8984644230493889E-003
   8.8984644230494687E-003
   9.0790381747504340E-003
   9.0790381747504426E-003
   9.2938196649292523E-003
   9.2938196649294084E-003
   9.3786712352215175E-003
   9.4824162367357565E-003
   9.4824162367358189E-003
   9.7953618751378813E-003
   9.7953618751380738E-003
   9.7975492017138236E-003
   9.7975492017138514E-003
   9.9963677992515928E-003
   9.9963677992516622E-003
   1.0230565914771741E-002
   1.0326275243149632E-002
   1.0326275243149781E-002
   1.0406145249267425E-002
   1.0406145249267484E-002
   1.0617313895796962E-002
   1.0617313895797072E-002
   1.0785067552966508E-002
   1.0785067552966552E-002
   1.0967714257084970E-002
   1.0967714257085008E-002
   1.1115250777626182E-002
   1.1115250777626332E-002
   1.1340809080564011E-002
   1.1340809080564063E-002
   1.1369623449090460E-002
   1.1455005447658071E-002
   1.1455005447658160E-002
   1.1715086759281006E-002
   1.1715086759281082E-002
   1.1919627797239313E-002
   1.1919627797239429E-002
   1.2075872302842286E-002
   1.2075872302842376E-002
   1.2161509071119838E-002
   1.2161509071119863E-002
   1.2235583413441158E-002
   1.2235583413441262E-002
   1.2562872091385712E-002
   1.2562872091385778E-002
   1.2813128470535213E-002
   1.2813128470535352E-002
   1.2825991338017463E-002
   1.2898757973240109E-002
   1.2898757973240197E-002
   1.3073141273750932E-002
   1.3073141273750989E-002
   1.3121035511304767E-002
   1.3121035511304830E-002
   1.3504590646958714E-002
   1.3504590646958890E-002
   1.3699992339023229E-002
   1.3699992339023232E-002
   1.3788672654589301E-002
   1.3788672654589322E-002
   1.3832202004580208E-002
   1.3832202004580341E-002
   1.4068481870409422E-002
   1.4068481870409533E-002
   1.4104594248466454E-002
   1.4104594248466489E-002
   1.4532780202223650E-002
   1.4532780202223679E-002
   1.4633550354347040E-002
   1.4691419273678246E-002
   1.4691419273678383E-002
   1.4838235544471610E-002
   1.4838235544471671E-002
   1.4869070102686441E-002
   1.4869070102686576E-002
   1.5139343211312321E-002
   1.5139343211312398E-002
   1.5178465857510025E-002
   1.5178465857510044E-002
   1.5638982892588783E-002
   1.5638982892588804E-002
   1.5692536053894045E-002
   1.5692536053894160E-002
   1.5792694685629050E-002
   1.5792694685629164E-002
   1.5952848978090774E-002
   1.5952848978090867E-002
   1.6001146074165678E-002
   1.6001146074165702E-002
   1.6276575146263451E-002
   1.6276575146263499E-002
   1.6333816694277092E-002
   1.6333816694277140E-002
   1.6813746587906565E-002
   1.6813746587906610E-002
   1.6828157339794966E-002
   1.6868855631013872E-002
   1.6868855631013938E-002
   1.6995092014785263E-002
   1.6995092014785357E-002
   1.7122619681963751E-002
   1.7122619681963810E-002
   1.7219117487058757E-002
   1.7219117487058781E-002
   1.7470083640679420E-002
   1.7470083640679493E-002
   1.7560774674230346E-002
   1.7560774674230346E-002
   1.8046644122879076E-002
   1.8046644122879218E-002
   1.8089603600467543E-002
   1.8089603600467602E-002
   1.8153187871990450E-002
   1.8153187871990526E-002
   1.8288720367251599E-002
   1.8288720367251623E-002
   1.8336767290181782E-002
   1.8336767290181806E-002
   1.8512577185054540E-002
   1.8512577185054585E-002
   1.8708869566062183E-002
   1.8708869566062283E-002
   1.8848449357256616E-002
   1.8848449357256682E-002
   1.9326313367722212E-002
   1.9326313367722274E-002
   1.9445608441526232E-002
   1.9466879074202272E-002
   1.9466879074202342E-002
   1.9534967888152000E-002
   1.9534967888152007E-002
   1.9583684369525969E-002
   1.9583684369526035E-002
   1.9662526123599654E-002
   1.9662526123599682E-002
   1.9870044460900099E-002
   1.9870044460900127E-002
   1.9981089943185912E-002
   1.9981089943185967E-002
   2.0184973798655977E-002
   2.0184973798656015E-002
   2.0640520492544813E-002
   2.0640520492544855E-002
   2.0851019952313751E-002
   2.0851019952313789E-002
   2.0926125105676412E-002
   2.0926125105676430E-002
   2.0948654323345625E-002
   2.0948654323345632E-002
   2.1002388833735047E-002
   2.1002388833735054E-002
   2.1104315427510997E-002
   2.1104315427511015E-002
   2.1274143170048967E-002
   2.1274143170048984E-002
   2.1279009175732798E-002
   2.1279009175732822E-002
   2.1557570624331779E-002
   2.1557570624331786E-002
   2.1976248008056087E-002
   2.1976248008056126E-002
   2.2125787241137573E-002
   2.2125787241137652E-002
   2.2518974895510430E-002
   2.2518974895510448E-002
   2.2519362829669841E-002
   2.2522268076481139E-002
   2.2522268076481153E-002
   2.2542425926971112E-002
   2.2542425926971130E-002
   2.2574778912231214E-002
   2.2574778912231221E-002
   2.2600801045677320E-002
   2.2600801045677379E-002
   2.2726001415578134E-002
   2.2726001415578144E-002
   2.2952643983111466E-002
   2.2952643983111504E-002
   2.3319808282604743E-002
   2.3319808282604781E-002
   2.3394495237342650E-002
   2.3394495237342664E-002
   2.3869232402467078E-002
   2.3869232402467157E-002
   2.4137676351162811E-002
   2.4137676351162856E-002
   2.4140886503158106E-002
   2.4140886503158130E-002
   2.4173752987848688E-002
   2.4173752987848712E-002
   2.4196688427531032E-002
   2.4196688427531077E-002
   2.4210547444998658E-002
   2.4210547444998693E-002
   2.4233486307824251E-002
   2.4233486307824285E-002
   2.4355898107303296E-002
   2.4355898107303296E-002
   2.4643303093085902E-002
   2.4643303093085989E-002
   2.4656982274005174E-002
   2.4656982274005201E-002
   2.5143381924923294E-002
   2.5143381924923328E-002
   2.5675999606352147E-002
   2.5675999606352161E-002
   2.5699718280987102E-002
   2.5699718280987143E-002
   2.5752482208321794E-002
   2.5752482208321804E-002
   2.5782489039468549E-002
   2.5782489039468566E-002
   2.5858195033156558E-002
   2.5858195033156582E-002
   2.5887889312605383E-002
   2.5887889312605432E-002
   2.5973182211225895E-002
   2.5973182211225916E-002
   2.5985828409845878E-002
   2.5985828409845889E-002
   2.6053848931208465E-002
   2.6053848931208469E-002
   2.6078085027244791E-002
   2.6382927286651949E-002
   2.6382927286651970E-002
   2.7025172776772431E-002
   2.7025172776772431E-002
   2.7127160386259442E-002
   2.7127160386259477E-002
   2.7148279243506462E-002
   2.7148279243506476E-002
   2.7253635955888800E-002
   2.7253635955888821E-002
   2.7270920086534950E-002
   2.7270920086535002E-002
   2.7450973128366540E-002
   2.7450973128366547E-002
   2.7573586144142952E-002
   2.7573586144143007E-002
   2.7648289650419745E-002
   2.7648289650419759E-002
   2.7828457166274440E-002
   2.7828457166274495E-002
   2.7964293218916345E-002
   2.7964293218916365E-002
   2.8037009577762454E-002
   2.8037009577762461E-002
   2.8130461550401348E-002
   2.8130461550401411E-002
   2.8464504182494139E-002
   2.8464504182494212E-002
   2.8483589808133713E-002
   2.8483589808133761E-002
   2.8597465645916521E-002
   2.8597465645916524E-002
   2.8701304196698987E-002
   2.8701304196699015E-002
   2.8834653570933979E-002
   2.8834653570934017E-002
   2.9129241274023422E-002
   2.9129241274023446E-002
   2.9160725057414169E-002
   2.9160725057414180E-002
   2.9437516877331423E-002
   2.9437516877331437E-002
   2.9648525636948888E-002
   2.9648525636948895E-002
   2.9720817907036262E-002
   2.9720817907036286E-002
   2.9749104396137781E-002
   2.9749104396137812E-002
   2.9752474518399966E-002
   2.9752474518399980E-002
   2.9947212909821941E-002
   2.9947212909821948E-002
   3.0007294125014322E-002
   3.0007294125014343E-002
   3.0092872607201018E-002
   3.0092872607201036E-002
   3.0103284192543676E-002
   3.0103284192543694E-002
   3.0143083943560391E-002
   3.0373859334157340E-002
   3.0373859334157344E-002
   3.0714160710866405E-002
   3.0714160710866432E-002
   3.0734387450689585E-002
   3.0734387450689595E-002
   3.0799532185030086E-002
   3.0799532185030093E-002
   3.0946333886921959E-002
   3.0946333886922025E-002
   3.0965797861380984E-002
   3.0965797861381001E-002
   3.1237236203543933E-002
   3.1237236203543971E-002
   3.1361520293744380E-002
   3.1361520293744428E-002
   3.1574318148665036E-002
   3.1574318148665070E-002
   3.1644166413497918E-002
   3.1644166413497959E-002
   3.1679152264416290E-002
   3.1679152264416331E-002
   3.1727811914492171E-002
   3.1727811914492227E-002
   3.1871262371182062E-002
   3.1871262371182089E-002
   3.1983650994304072E-002
   3.1983650994304107E-002
   3.2099904084450070E-002
   3.2099904084450070E-002
   3.2226727705257481E-002
   3.2226727705257530E-002
   3.2292296295736711E-002
   3.2292296295736760E-002
   3.2322007379988547E-002
   3.2322007379988638E-002
   3.2353378579332799E-002
   3.2353378579332813E-002
   3.2443623983364291E-002
   3.2443623983364291E-002
   3.2616356897382494E-002
   3.2616356897382529E-002
   3.2644159135350792E-002
   3.2644159135350799E-002
   3.2777778358279830E-002
   3.2777778358279830E-002
   3.2947593751111129E-002
   3.2947593751111136E-002
   3.3028401006805597E-002
   3.3028401006805673E-002
   3.3129218542663354E-002
   3.3129218542663354E-002
   3.3137466002818305E-002
   3.3137466002818312E-002
   3.3309609239570236E-002
   3.3309609239570256E-002
   3.3341968177985716E-002
   3.3341968177985737E-002
   3.3388721915760818E-002
   3.3388721915760894E-002
   3.3442927549105335E-002
   3.3442927549105356E-002
   3.3578793511753989E-002
   3.3578793511754038E-002
   3.3801499399085874E-002
   3.3801499399085909E-002
   3.3839734466171875E-002
   3.3839734466171903E-002
   3.4018566296128608E-002
   3.4018566296128629E-002
   3.4034954346009942E-002
   3.4034954346009977E-002
   3.4043064494045337E-002
   3.4043064494045386E-002
   3.4053436138289692E-002
   3.4053436138289754E-002
   3.4065488686571430E-002
   3.4065488686571457E-002
   3.4418174897182914E-002
   3.4418174897182963E-002
   3.4546635512413819E-002
   3.4546635512413860E-002
   3.4647523864895891E-002
   3.4647523864895918E-002
   3.4671921978532874E-002
   3.4671921978532937E-002
   3.4725746956002890E-002
   3.4791470746993888E-002
   3.4791470746993972E-002
   3.4872169576109502E-002
   3.4872169576109537E-002
   3.4917041212934596E-002
   3.4917041212934617E-002
   3.4933532744117521E-002
   3.4933532744117569E-002
   3.5141271910529251E-002
   3.5141271910529293E-002
   3.5504224836162307E-002
   3.5504224836162321E-002
   3.5547113856698689E-002
   3.5547113856698766E-002
   3.5579424574015681E-002
   3.5579424574015708E-002
   3.5911854707764840E-002
   3.5911854707764854E-002
   3.5941763067648180E-002
   3.5941763067648187E-002
   3.6081528814203151E-002
   3.6081528814203179E-002
   3.6135358584310197E-002
   3.6135358584310218E-002
   3.6468391492957573E-002
   3.6468391492957587E-002
   3.6506657921134777E-002
   3.6506657921134854E-002
   3.6645507452117781E-002
   3.6645507452117795E-002
   3.6702584671433204E-002
   3.6702584671433204E-002
   3.6762258093054986E-002
   3.6762258093054993E-002
   3.7003587427269641E-002
   3.7003587427269655E-002
   3.7034569334001725E-002
   3.7034569334001732E-002
   3.7103505001203400E-002
   3.7103505001203414E-002
   3.7188114478808043E-002
   3.7188114478808050E-002
   3.7399455078903514E-002
   3.7399455078903521E-002
   3.7473784681250177E-002
   3.7473784681250177E-002
   3.8037165188840504E-002
   3.8037165188840545E-002
   3.8142597558399403E-002
   3.8142597558399431E-002
   3.8154199724927923E-002
   3.8154199724927944E-002
   3.8207385124293058E-002
   3.8207385124293079E-002
   3.8390941152302460E-002
   3.8390941152302516E-002
   3.8444996012555098E-002
   3.8444996012555119E-002
   3.8691882574974613E-002
   3.8691882574974662E-002
   3.8885901173343153E-002
   3.8885901173343208E-002
   3.9045825596922469E-002
   3.9045825596922545E-002
   3.9243213456859827E-002
   3.9243213456859875E-002
   3.9398231976910718E-002
   3.9398231976910794E-002
   3.9631847618725208E-002
   3.9631847618725305E-002
   3.9714648902111488E-002
   3.9714648902111543E-002
   3.9716940544952228E-002
   3.9716940544952270E-002
   3.9801550204478418E-002
   3.9801550204478446E-002
   3.9825085987095526E-002
   4.0246911184016070E-002
   4.0246911184016139E-002
   4.0399926315880408E-002
   4.0399926315880429E-002
   4.0741747017372633E-002
   4.0741747017372640E-002
   4.0833090436960824E-002
   4.0833090436960824E-002
   4.1014255737011222E-002
   4.1014255737011250E-002
   4.1095312894407647E-002
   4.1095312894407675E-002
   4.1115645734320125E-002
   4.1115645734320187E-002
   4.1169177239101740E-002
   4.1169177239101760E-002
   4.1706523687030740E-002
   4.1706523687030761E-002
   4.1806918817003914E-002
   4.1806918817003928E-002
   4.2231046501652027E-002
   4.2231046501652054E-002
   4.2287176617098611E-002
   4.2287176617098694E-002
   4.2499884346557978E-002
   4.2499884346558096E-002
   4.2513745605483141E-002
   4.2513745605483197E-002
   4.2533228546675690E-002
   4.2533228546675760E-002
   4.2691676887999346E-002
   4.2691676887999394E-002
   4.3152896835670092E-002
   4.3152896835670133E-002
   4.3310415951247863E-002
   4.3310415951247898E-002
   4.3615578041664063E-002
   4.3615578041664174E-002
   4.3690103801694961E-002
   4.3690103801695038E-002
   4.3895669113259629E-002
   4.3895669113259671E-002
   4.4136929386897596E-002
   4.4136929386897658E-002
   4.4204156556920893E-002
   4.4204156556920893E-002
   4.4255237324861731E-002
   4.4255237324861807E-002
   4.4724698435666996E-002
   4.4724698435667024E-002
   4.4872484655337393E-002
   4.4872484655337420E-002
   4.5285717453815474E-002
   4.5285717453815592E-002
   4.5425527296788400E-002
   4.5445579206819742E-002
   4.5445579206819797E-002
   4.5590336558478571E-002
   4.5590336558478647E-002
   4.5685694837003313E-002
   4.5685694837003327E-002
   4.5942063176670073E-002
   4.5942063176670087E-002
   4.6275741226568662E-002
   4.6275741226568724E-002
   4.6563792762136978E-002
   4.6563792762137013E-002
   4.6771905269518216E-002
   4.6771905269518216E-002
   4.6965133679072749E-002
   4.6965133679072769E-002
   4.7072265683290364E-002
   4.7072265683290405E-002
   4.7445504067996594E-002
   4.7445504067996594E-002
   4.7496533630053336E-002
   4.7496533630053350E-002
   4.7624667318909054E-002
   4.7624667318909068E-002
   4.8054347064888210E-002
   4.8054347064888245E-002
   4.8077281993224065E-002
   4.8077281993224072E-002
   4.8365187986974950E-002
   4.8365187986974964E-002
   4.8859344470938253E-002
   4.8859344470938315E-002
   4.9007808739969280E-002
   4.9007808739969287E-002
   4.9164034572314420E-002
   4.9164034572314476E-002
   4.9439070162241958E-002
   4.9439070162241999E-002
   4.9744591650973821E-002
   4.9744591650973904E-002
   4.9978164747302004E-002
   4.9978164747302031E-002
   5.0277948374263991E-002
   5.0277948374263998E-002
   5.0540885152985035E-002
   5.0540885152985042E-002
   5.0600823940061226E-002
   5.0600823940061254E-002
   5.0809816676395683E-002
   5.0809816676395884E-002
   5.1064361777526518E-002
   5.1064361777526553E-002
   5.1249750364468404E-002
   5.1249750364468410E-002
   5.1322086963841045E-002
   5.1322086963841093E-002
   5.1495085433621558E-002
   5.1737708324035715E-002
   5.1737708324035743E-002
   5.2442041821802454E-002
   5.2442041821802635E-002
   5.2739081933666977E-002
   5.2739081933667151E-002
   5.2906290806587958E-002
   5.2906290806587979E-002
   5.3152817095515642E-002
   5.3152817095515725E-002
   5.3522065757670038E-002
   5.3522065757670094E-002
   5.3531960768894341E-002
   5.3531960768894507E-002
   5.4105925299296503E-002
   5.4105925299296566E-002
   5.4264931049040170E-002
   5.4264931049040267E-002
   5.4387944170715963E-002
   5.4387944170716067E-002
   5.4453383415804128E-002
   5.4453383415804232E-002
   5.4643336722819964E-002
   5.4643336722820013E-002
   5.4808745899845870E-002
   5.4808745899846002E-002
   5.5099511345459665E-002
   5.5099511345459706E-002
   5.5675866841881819E-002
   5.5675866841881895E-002
   5.6160653858433593E-002
   5.6160653858433697E-002
   5.6753462768621032E-002
   5.6753462768621268E-002
   5.6880487218233106E-002
   5.6880487218233231E-002
   5.7050340876505935E-002
   5.7050340876505956E-002
   5.7161615568107733E-002
   5.7161615568107789E-002
   5.7606693765544989E-002
   5.7606693765545065E-002
   5.7776623574221503E-002
   5.7776623574221551E-002
   5.7984062421886279E-002
   5.8224347190905162E-002
   5.8224347190905253E-002
   5.8473438906118974E-002
   5.8473438906119064E-002
   5.8598253041289149E-002
   5.8598253041289204E-002
   5.8695178524044156E-002
   5.8695178524044211E-002
   5.9139779905524090E-002
   5.9139779905524187E-002
   5.9858107306009843E-002
   5.9858107306009899E-002
   5.9979630092085831E-002
   5.9979630092085984E-002
   6.0860763696323462E-002
   6.0860763696323504E-002
   6.1016649710000960E-002
   6.1016649710001064E-002
   6.1051348965955536E-002
   6.1051348965955543E-002
   6.1095722728687747E-002
   6.1095722728687768E-002
   6.1308908803411666E-002
   6.1308908803411680E-002
   6.1933973417160074E-002
   6.1933973417160094E-002
   6.2598023518402740E-002
   6.2598023518402851E-002
   6.2686504771390594E-002
   6.2686504771390608E-002
   6.2761106637508210E-002
   6.2761106637508224E-002
   6.3000016298832964E-002
   6.3000016298832978E-002
   6.3333321761649297E-002
   6.3333321761649491E-002
   6.3861142785194683E-002
   6.3861142785194697E-002
   6.4247308282714438E-002
   6.4247308282714660E-002
   6.4581603775626106E-002
   6.4581603775626287E-002
   6.4824404183972575E-002
   6.5250288194873662E-002
   6.5250288194873662E-002
   6.5380438246819203E-002
   6.5380438246819203E-002
   6.5490802845736523E-002
   6.5490802845736565E-002
   6.6475390926806141E-002
   6.6475390926806474E-002
   6.6743189742325043E-002
   6.6743189742325140E-002
   6.7188133669432673E-002
   6.7188133669432867E-002
   6.7211433102056656E-002
   6.7211433102057017E-002
   6.7619603277378773E-002
   6.7619603277378884E-002
   6.7640046024790443E-002
   6.7640046024790706E-002
   6.7765416822419391E-002
   6.7765416822419405E-002
   6.8284757757218414E-002
   6.8284757757218650E-002
   6.8803019799689183E-002
   6.8803019799689280E-002
   6.9472885457787015E-002
   6.9472885457787265E-002
   6.9826368318070833E-002
   6.9826368318070986E-002
   7.0134689301918449E-002
   7.0134689301918587E-002
   7.0823663274548296E-002
   7.0823663274548532E-002
   7.1189093525956496E-002
   7.1189093525956593E-002
   7.1651132853753088E-002
   7.1651132853753297E-002
   7.1781872511353595E-002
   7.1781872511353678E-002
   7.1929826438958053E-002
   7.1952376134112150E-002
   7.1952376134112150E-002
   7.2017293713790828E-002
   7.2017293713790981E-002
   7.2414440814671840E-002
   7.2414440814671910E-002
   7.3481688571617298E-002
   7.3481688571617479E-002
   7.3720244198238707E-002
   7.3720244198238832E-002
   7.4345101336666969E-002
   7.4345101336667066E-002
   7.4884741279939812E-002
   7.4884741279939895E-002
   7.4903912827587696E-002
   7.4903912827587807E-002
   7.5475900033933618E-002
   7.5475900033933827E-002
   7.6030017510855211E-002
   7.6030017510855225E-002
   7.6420209756551297E-002
   7.6420209756551352E-002
   7.6427153731997433E-002
   7.6427153731997599E-002
   7.6845204039991691E-002
   7.6845204039992024E-002
   7.7338689544780612E-002
   7.7338689544780806E-002
   7.7947414164087375E-002
   7.7947414164087667E-002
   7.8236971431213068E-002
   7.8236971431213442E-002
   7.8882119818649288E-002
   7.8882119818649343E-002
   7.8890332384597514E-002
   7.8890332384597514E-002
   7.9196791761574181E-002
   7.9751233292175830E-002
   7.9751233292176038E-002
   8.0802197621350963E-002
   8.0802197621350991E-002
   8.0950212543278333E-002
   8.0950212543278388E-002
   8.1099675065643292E-002
   8.1099675065643737E-002
   8.1818152929936883E-002
   8.1818152929937021E-002
   8.2108279451217514E-002
   8.2108279451217764E-002
   8.2343573780905163E-002
   8.2343573780905205E-002
   8.2770935016083208E-002
   8.2770935016083375E-002
   8.3020139457777226E-002
   8.3020139457777226E-002
   8.3413958795210491E-002
   8.3413958795210699E-002
   8.4626978635891900E-002
   8.4626978635892094E-002
   8.5115452433098301E-002
   8.5115452433098482E-002
   8.5749986718921353E-002
   8.5749986718921395E-002
   8.5899259794180644E-002
   8.5899259794180782E-002
   8.6156141320284152E-002
   8.6156141320284332E-002
   8.6506378996538735E-002
   8.6820263389070604E-002
   8.6820263389070645E-002
   8.7377806856352144E-002
   8.7377806856352144E-002
   8.7780571872146079E-002
   8.7780571872146093E-002
   8.7866630501323040E-002
   8.7866630501323068E-002
   8.9311565135435270E-002
   8.9311565135435339E-002
   8.9479548323916566E-002
   8.9479548323916580E-002
   9.0044359321102566E-002
   9.0044359321102788E-002
   9.0327356564180575E-002
   9.0327356564180616E-002
   9.0824782966813733E-002
   9.0824782966813830E-002
   9.1798597547031735E-002
   9.1798597547031777E-002
   9.2198373725597874E-002
   9.2198373725597985E-002
   9.2388110943675494E-002
   9.2388110943675522E-002
   9.2466335194818269E-002
   9.2466335194818478E-002
   9.3342187095974472E-002
   9.3342187095974596E-002
   9.3727037700563814E-002
   9.4256003714025066E-002
   9.4256003714025205E-002
   9.4780411296461767E-002
   9.4780411296462128E-002
   9.5673047539929570E-002
   9.5673047539929695E-002
   9.6359277067744858E-002
   9.6359277067745025E-002
   9.6698844746208684E-002
   9.6698844746208809E-002
   9.7024839585716199E-002
   9.7024839585716213E-002
   9.7159741653546974E-002
   9.7159741653547016E-002
   9.7319826612393148E-002
   9.7319826612393232E-002
   9.8902737099679255E-002
   9.8902737099679353E-002
   9.9057841734739069E-002
   9.9057841734739069E-002
  0.10030022605103918     
  0.10030022605103947     
  0.10038963986926186     
  0.10038963986926208     
  0.10071816660143110     
  0.10140356084716730     
  0.10140356084716731     
  0.10146600792447912     
  0.10146600792447914     
  0.10211760361955265     
  0.10211760361955273     
  0.10310915793958561     
  0.10310915793958569     
  0.10336620768724421     
  0.10336620768724437     
  0.10397366960476055     
  0.10397366960476076     
  0.10492021422941437     
  0.10492021422941447     
  0.10555081342298435     
  0.10555081342298436     
  0.10604515866681005     
  0.10604515866681025     
  0.10672616081013010     
  0.10672616081013014     
  0.10688547716114004     
  0.10688547716114008     
  0.10733439989887848     
  0.10759372955631819     
  0.10759372955631846     
  0.10921129262037947     
  0.10921129262037961     
  0.10941655700527089     
  0.10941655700527096     
  0.11034032551324888     
  0.11034032551324902     
  0.11038224558722608     
  0.11038224558722631     
  0.11109109969027443     
  0.11109109969027453     
  0.11153429387826068     
  0.11153429387826075     
  0.11295321719244654     
  0.11295321719244662     
  0.11321109934729283     
  0.11321109934729316     
  0.11343043279545006     
  0.11442493785684602     
  0.11442493785684611     
  0.11513940545790034     
  0.11513940545790040     
  0.11515975337232462     
  0.11515975337232484     
  0.11611649913285103     
  0.11611649913285121     
  0.11687041013869956     
  0.11687041013870010     
  0.11812348342631483     
  0.11812348342631489     
  0.11836391212505741     
  0.11836391212505745     
  0.11886617231888298     
  0.11888205030858512     
  0.11888205030858517     
  0.12014339400714094     
  0.12014339400714120     
  0.12116680471822552     
  0.12116680471822568     
  0.12143155991273753     
  0.12143155991273773     
  0.12221137064249553     
  0.12221137064249561     
  0.12298842525978254     
  0.12298842525978278     
  0.12351196542477008     
  0.12430709531660848     
  0.12430709531660848     
  0.12510537219605072     
  0.12510537219605078     
  0.12536884308915214     
  0.12536884308915239     
  0.12671303575680656     
  0.12671303575680698     
  0.12725363703394210     
  0.12752676313504632     
  0.12752676313504674     
  0.12861803828084303     
  0.12861803828084328     
  0.12944399922842448     
  0.12944399922842464     
  0.12999706850657694     
  0.13083188532793097     
  0.13083188532793197     
  0.13167206318652519     
