   2.3055608952259953E-009
   2.8626326128808243E-009
   5.8846493890868029E-009
   6.8924857993677089E-009
   1.3591793029341984E-008
   1.5701681855347447E-008
   2.8637883838456974E-008
   4.0809897801166890E-008
   4.6796003346248324E-008
   5.3174135824672863E-008
   5.5401535922061547E-008
   6.3371433218619086E-008
   8.2552450203694405E-008
   1.0393454965920918E-007
   1.2257810955544233E-007
   1.4193986303620978E-007
   2.2200307224425688E-007
   3.4698304219619482E-007
   3.8395211778921569E-007
   4.2533663107587205E-007
   5.1573815641150429E-007
   5.6873101251061433E-007
   6.5171776674765789E-007
   6.8709457376464572E-007
   7.9298064076161374E-007
   8.9148309930106130E-007
   9.6625723312438186E-007
   1.1956006363553153E-006
   1.4087398197894365E-006
   1.5162203479940781E-006
   1.7362776336485724E-006
   1.9837671158871618E-006
   2.1242644133015726E-006
   2.4410093085203746E-006
   2.7112288811008198E-006
   3.1072329686768965E-006
   3.3622280284164325E-006
   3.6312937609159976E-006
   3.6832101344181334E-006
   3.9676247446202110E-006
   4.8186070738887032E-006
   5.2196748267261589E-006
   6.3087307583507735E-006
   6.7770370663786357E-006
   7.6772883195609254E-006
   8.3179595857231138E-006
   9.9427643936243071E-006
   1.1093492701051984E-005
   1.1607705657819489E-005
   1.2981822111945911E-005
   1.4920398010265577E-005
   1.5332665368071636E-005
   1.7815429020788843E-005
   1.9218684122677824E-005
   2.0805788175841655E-005
   2.3189728880397483E-005
   2.9108060192234873E-005
   3.3380387808662959E-005
   3.5459278277985271E-005
   3.7013770453718767E-005
   3.8047074815172839E-005
   4.2056435800136557E-005
   4.3664296844186947E-005
   4.7107142828971084E-005
   5.3757352117844113E-005
   5.6686676977071446E-005
   5.9586929401281320E-005
   6.4608114689313441E-005
   7.6418624308322256E-005
   8.9960570575484022E-005
   9.5306029884272830E-005
   9.8634947566841918E-005
   1.0324073751436191E-004
   1.0496937005040291E-004
   1.1386754476573424E-004
   1.2354527200707994E-004
   1.2972905008471831E-004
   1.3972652961807681E-004
   1.4242270162595716E-004
   1.5960716842623322E-004
   1.6528193816252789E-004
   1.9425766276373062E-004
   2.1151213802122321E-004
   2.4173737411001785E-004
   2.4233999189717312E-004
   2.6367429155299484E-004
   2.7213704883180989E-004
   3.0058414894957723E-004
   3.1633027574567871E-004
   3.2247782056024101E-004
   3.7936302416786559E-004
   3.8774396887630727E-004
   4.5451553966670283E-004
   4.9006258497422399E-004
   5.0643870400415370E-004
   5.4324815432012881E-004
   6.1047774122925907E-004
   6.6012518092695778E-004
   7.0045941739588929E-004
   7.3821909746748127E-004
   7.7406514640093868E-004
   7.9944143184618015E-004
   8.4254780526488561E-004
   8.5521926646153887E-004
   1.0057257942270206E-003
   1.0874088322057427E-003
   1.1349802435157881E-003
   1.3015645978305473E-003
   1.3795920994993938E-003
   1.4277565101496643E-003
   1.6213053101045653E-003
   1.7599973619294180E-003
   1.7889813656493411E-003
   1.9269736584414266E-003
   2.1828793375248878E-003
   2.3149995215101041E-003
   2.4495478513125498E-003
   2.5888076775023175E-003
   2.8062211159199683E-003
   2.9682751113230209E-003
   3.1426907463659322E-003
   3.2567530993473427E-003
   3.4137115849533521E-003
   3.6492327422483276E-003
   3.9402001206797089E-003
   4.0988616666502997E-003
   4.7059731900046635E-003
   5.3098335270167583E-003
   5.5375426737097558E-003
   6.3869524188475690E-003
   6.6563137761589553E-003
   6.9113153692655117E-003
   7.3325137501187663E-003
   7.7884847314363863E-003
   8.0867206950993795E-003
   8.7515809900019798E-003
   8.9357701513206340E-003
   9.4666267195287288E-003
   1.0322266328605995E-002
   1.0657675092936041E-002
   1.2440683431701910E-002
   1.3359708301721240E-002
   1.5052600204256961E-002
   1.6319715737797551E-002
   1.7340094526158003E-002
   1.8349224071219718E-002
   1.8618643357321028E-002
   1.9395211730801949E-002
   2.3090069913261256E-002
   2.3986681203136656E-002
   2.5621092487914991E-002
   2.6751292248929807E-002
   2.8612388242777797E-002
   3.1599240809483536E-002
   3.6985630833756111E-002
   3.8340006161988863E-002
   4.0020480046420059E-002
   4.0437968789138558E-002
   4.7917214356852693E-002
   5.3834124490088099E-002
   5.6361050860981601E-002
   5.9679579511043614E-002
   6.2248735039512053E-002
   6.9217048579612403E-002
   7.0274581241437997E-002
   7.4355015532427932E-002
   8.2153743165371287E-002
   9.2189402682519697E-002
  0.10381749282918112     
  0.10748076205534665     
  0.13046016245551786     
  0.13476638549650063     
  0.13670104910586850     
  0.15061214749285617     
  0.15500901182276766     
  0.16541496502511330     
  0.17509044229176199     
  0.20376765348348524     
  0.22501923631322035     
  0.23430510743990168     
  0.25843930219251227     
  0.28145701173405147     
  0.32555356510484607     
  0.34685819792688483     
  0.35530154087901500     
  0.36364099789659554     
  0.42519711156144752     
  0.46686925930645423     
  0.48221743267481576     
  0.56604008908446046     
  0.59715637801248511     
  0.63768854548165854     
  0.74950000540513118     
  0.81349938307457204     
   1.5314050699346071     
   1.5892821567104074     
   2.4068153245740525     
   2.9777263229623148     
   3.3801460991252901     
   30.646468278422851     
