0.12716
0.52065
0.34017
0.94851
0.0055902
0.64323
0.4647
0.82499
0.21049
0.56308
0.25969
0.90524
0.078152
0.69441
0.38907
0.77486
0.16161
0.54925
0.37023
0.98053
0.034122
0.67763
0.49665
0.85499
0.23512
0.60139
0.29554
0.93134
0.11651
0.71911
0.41522
0.81078
0.15016
0.51449
0.31996
0.95382
0.029572
0.63414
0.43765
0.83519
0.19969
0.58927
0.26768
0.87992
0.074182
0.71572
0.39608
0.75246
0.17344
0.53763
0.35935
0.99308
0.052818
0.65725
0.47701
0.87441
0.22279
0.61252
0.3069
0.91928
0.097322
0.739
0.43533
0.79185
0.13783
0.52558
0.33131
0.94172
0.010432
0.65404
0.45782
0.81628
0.21153
0.5777
0.25682
0.89252
0.092837
0.69533
0.37641
0.77187
0.16643
0.56003
0.36332
0.97177
0.044828
0.68257
0.48782
0.84822
0.24984
0.60232
0.28292
0.92837
0.11753
0.73368
0.41233
0.79801
0.14729
0.50171
0.321
0.96839
0.016966
0.63115
0.45239
0.83611
0.19085
0.58252
0.27837
0.88488
0.067268
0.70698
0.40088
0.76326
0.18162
0.54582
0.35117
0.9849
0.060995
0.66543
0.46883
0.86623
0.23074
0.62044
0.29898
0.91133
0.10527
0.74692
0.42741
0.78391
0.13013
0.51789
0.339
0.94941
0.0027376
0.64636
0.46551
0.82397
0.2041
0.57024
0.26428
0.89995
0.085403
0.68787
0.38386
0.7793
0.15823
0.55186
0.37149
0.97996
0.036637
0.6744
0.49599
0.85641
0.24191
0.59438
0.29086
0.9363
0.1096
0.72574
0.42027
0.80594
0.15497
0.50941
0.3133
0.96071
0.024646
0.63885
0.44469
0.82843
0.1983
0.58996
0.27093
0.87743
0.074717
0.71442
0.39344
0.75581
0.17865
0.5332
0.35211
0.99962
0.048229
0.66254
0.48341
0.86726
0.22199
0.61354
0.30976
0.91615
0.098498
0.7381
0.43236
0.79462
0.13509
0.52858
0.33224
0.94057
0.013527
0.65116
0.45677
0.81705
0.21866
0.57127
0.2515
0.89708
0.08632
0.7026
0.38087
0.76669
0.16907
0.55669
0.36279
0.97307
0.041579
0.68506
0.48921
0.84754
0.2428
0.60908
0.28785
0.92366
0.1242
0.7268
0.40752
0.8031
0.14224
0.50655
0.32791
0.96175
0.02165
0.62619
0.4456
0.84311
0.1915
0.58109
0.27585
0.8881
0.065998
0.70754
0.40426
0.76064
0.18503
0.5414
0.34677
0.9883
0.0576
0.66983
0.47325
0.86282
0.22733
0.62486
0.30338
0.90794
0.10866
0.74252
0.42299
0.78732
0.12677
0.52233
0.34344
0.94603
0.0061175
0.64191
0.46107
0.82733
0.20747
0.56581
0.25983
0.90333
0.082024
0.69232
0.3883
0.77593
0.16262
0.54842
0.36807
0.98433
0.032265
0.67783
0.49943
0.85203
0.23752
0.59782
0.29428
0.93193
0.11397
0.72232
0.41682
0.81033
0.15063
0.51287
0.31677
0.95635
0.029003
0.63538
0.44123
0.83277
0.20264
0.5865
0.26746
0.88179
0.070361
0.71789
0.3969
0.75146
0.1742
0.53658
0.35547
0.99519
0.052661
0.65918
0.48003
0.8717
0.22644
0.61016
0.30639
0.92059
0.094065
0.74146
0.43574
0.79017
0.1395
0.52519
0.32883
0.94499
0.0091098
0.65457
0.46016
0.81265
0.21426
0.57467
0.25491
0.89266
0.090737
0.69919
0.37748
0.77109
0.16559
0.56105
0.36713
0.96962
0.045035
0.68072
0.48485
0.85101
0.24628
0.60472
0.28351
0.92711
0.12074
0.73114
0.41188
0.79962
0.14567
0.50218
0.32352
0.96519
0.018209
0.63058
0.44997
0.83968
0.18808
0.58547
0.28024
0.88466
0.069439
0.70316
0.39988
0.76407
0.18165
0.54401
0.34804
0.98773
0.060119
0.66661
0.47259
0.86425
0.23412
0.61785
0.2987
0.9129
0.10175
0.74916
0.42805
0.78248
0.13157
0.51724
0.33677
0.95291
0.0011883
0.64662
0.46811
0.82057
0.20607
0.56649
0.26308
0.90084
0.082555
0.69102
0.38566
0.77928
0.15815
0.5536
0.37458
0.97706
0.037594
0.67327
0.4923
0.85845
0.23857
0.59704
0.29119
0.93481
0.11304
0.72346
0.41956
0.80733
0.1536
0.51011
0.31559
0.95725
0.026147
0.63851
0.44204
0.83175
0.19624
0.59366
0.27205
0.87649
0.077608
0.71135
0.39169
0.7559
0.17683
0.53323
0.35494
0.99649
0.049408
0.66166
0.48142
0.87102
0.2194
0.61692
0.31132
0.91587
0.10073
0.73458
0.43093
0.79525
0.13445
0.53003
0.33574
0.93835
0.013797
0.64961
0.45337
0.81965
0.21491
0.57325
0.25239
0.89588
0.089472
0.69976
0.38085
0.76849
0.1708
0.5566
0.35988
0.97616
0.040441
0.68601
0.49125
0.84385
0.24546
0.60574
0.28636
0.92398
0.12191
0.73024
0.4089
0.80239
0.14294
0.50518
0.32445
0.96405
0.021307
0.6277
0.44892
0.84047
0.1952
0.57904
0.27492
0.88922
0.062927
0.71044
0.40436
0.7589
0.18718
0.53977
0.3455
0.99106
0.054838
0.6711
0.47488
0.86067
0.2286
0.62209
0.30123
0.90957
0.10703
0.74467
0.42576
0.78605
0.128
0.51953
0.34126
0.94764
0.0045153
0.64409
0.46387
0.8261
0.20965
0.5642
0.2586
0.90612
0.079231
0.69355
0.3899
0.77375
0.1605
0.55008
0.36936
0.9816
0.034997
0.67653
0.49777
0.85415
0.23622
0.60055
0.2964
0.93026
0.11563
0.7202
0.41409
0.81163
0.1493
0.51557
0.31886
0.95466
0.030697
0.63329
0.43853
0.8341
0.20055
0.58819
0.26879
0.87909
0.073062
0.71657
0.39521
0.75355
0.1726
0.53876
0.35826
0.99396
0.053897
0.65639
0.47785
0.87331
0.22364
0.6114
0.30799
0.9184
0.096247
0.73986
0.4345
0.79296
0.13673
0.52646
0.33046
0.94284
0.011261
0.65294
0.45889
0.81541
0.21262
0.57682
0.25767
0.89139
0.092004
0.69643
0.37533
0.77272
0.16729
0.55896
0.36443
0.97094
0.043707
0.68342
0.48695
0.84932
0.24898
0.6034
0.28181
0.9292
0.11865
0.73284
0.41321
0.79692
0.1484
0.50088
0.32186
0.96731
0.016088
0.63224
0.45127
0.83695
0.18974
0.58334
0.27751
0.88596
0.068142
0.70589
0.40201
0.76241
0.18054
0.54668
0.35034
0.98601
0.061843
0.66431
0.46992
0.86536
0.23182
0.61958
0.29981
0.91023
0.10442
0.74804
0.42632
0.78478
0.1293
0.519
0.33792
0.95027
0.003828
0.64548
0.46635
0.82285
0.20493
0.56913
0.26536
0.89909
0.084309
0.68874
0.38302
0.78042
0.15936
0.55102
0.37237
0.97887
0.035778
0.67548
0.49488
0.85724
0.24079
0.59523
0.28998
0.93739
0.11046
0.72467
0.42138
0.80511
0.15585
0.50832
0.31442
0.95986
0.023538
0.63968
0.44383
0.8295
0.19742
0.59105
0.26981
0.87828
0.075822
0.71359
0.3943
0.75473
0.17947
0.53209
0.35318
0.99876
0.047134
0.66342
0.48256
0.86838
0.22115
0.61464
0.30868
0.91701
0.099588
0.73722
0.4332
0.79349
0.13617
0.52772
0.33307
0.93947
0.012683
0.65228
0.45568
0.81793
0.21758
0.57213
0.25067
0.89819
0.087168
0.70148
0.38197
0.76582
0.16819
0.55778
0.36167
0.97392
0.042684
0.68423
0.49007
0.84646
0.24368
0.60799
0.28897
0.92281
0.12309
0.72763
0.40666
0.80417
0.14112
0.5074
0.32703
0.96284
0.022512
0.62512
0.44671
0.84228
0.19263
0.58025
0.27673
0.88701
0.065139
0.70862
0.40315
0.76148
0.18453
0.54287
0.34627
0.98977
0.058082
0.66838
0.47373
0.86137
0.22783
0.62338
0.30388
0.90647
0.10818
0.74397
0.42252
0.78878
0.12529
0.52282
0.34197
0.94653
0.0075727
0.64143
0.46253
0.82685
0.20894
0.56531
0.2613
0.90283
0.080564
0.6928
0.38684
0.77641
0.1631
0.54696
0.36855
0.98288
0.031771
0.6793
0.49894
0.8535
0.23704
0.59928
0.2938
0.93339
0.11447
0.72085
0.41732
0.80886
0.15209
0.51239
0.31822
0.95587
0.027528
0.63588
0.43976
0.83326
0.20118
0.58698
0.266
0.88227
0.071832
0.7174
0.39837
0.75097
0.17567
0.53608
0.35694
0.99469
0.051202
0.65966
0.47857
0.87218
0.22496
0.61065
0.30492
0.92108
0.09552
0.74098
0.4372
0.78969
0.13999
0.52372
0.32933
0.94352
0.0086311
0.65603
0.45968
0.81411
0.21376
0.57614
0.25441
0.89413
0.09122
0.69774
0.37796
0.76964
0.16414
0.56152
0.36567
0.97009
0.046505
0.68022
0.48633
0.85051
0.24773
0.60424
0.28496
0.92663
0.11927
0.73164
0.4104
0.80012
0.14519
0.50364
0.32304
0.96665
0.018707
0.62911
0.45047
0.83821
0.18856
0.58401
0.28072
0.88321
0.068945
0.70463
0.39939
0.76554
0.18311
0.54353
0.34949
0.98725
0.058644
0.66711
0.47112
0.86474
0.23266
0.61833
0.29724
0.91338
0.10322
0.74866
0.42952
0.78198
0.13206
0.51579
0.33726
0.95146
0.00069414
0.6481
0.46761
0.82205
0.2056
0.56795
0.2626
0.9023
0.083052
0.68955
0.38615
0.7778
0.15668
0.55409
0.37311
0.97755
0.039049
0.67279
0.49376
0.85797
0.24004
0.59655
0.29266
0.93432
0.11158
0.72394
0.4181
0.80781
0.15311
0.51158
0.3151
0.95872
0.026629
0.63705
0.44252
0.83029
0.19674
0.59219
0.27255
0.87502
0.077129
0.71281
0.39122
0.75736
0.17636
0.53469
0.35446
0.99795
0.049906
0.66019
0.48191
0.86954
0.21988
0.61546
0.3118
0.91441
0.10024
0.73605
0.43044
0.79672
0.13299
0.53051
0.33428
0.93883
0.015268
0.64911
0.45484
0.81916
0.21637
0.57277
0.25385
0.8954
0.087998
0.70025
0.37938
0.76898
0.17129
0.55513
0.36038
0.97469
0.039962
0.68747
0.49077
0.84531
0.24497
0.60722
0.28587
0.92546
0.1224
0.72879
0.40938
0.80093
0.14441
0.50469
0.32593
0.96355
0.019848
0.62817
0.44746
0.84094
0.19373
0.57954
0.27344
0.88972
0.064382
0.70995
0.40581
0.75842
0.18571
0.54026
0.34403
0.99156
0.056297
0.67062
0.47634
0.86019
0.23007
0.6216
0.3027
0.90908
0.10557
0.74515
0.4243
0.78653
0.12751
0.521
0.34076
0.94911
0.0049939
0.64263
0.46435
0.82464
0.21014
0.56273
0.25909
0.90465
0.078749
0.69501
0.38942
0.77521
0.16196
0.5496
0.37082
0.98112
0.033526
0.67703
0.4963
0.85464
0.23477
0.60104
0.29495
0.93075
0.11711
0.7197
0.41557
0.81113
0.14978
0.51411
0.31934
0.9532
0.030199
0.63476
0.43803
0.83557
0.20007
0.58965
0.2683
0.88054
0.073556
0.71509
0.3957
0.75208
0.17309
0.53728
0.35876
0.99248
0.053415
0.65784
0.47736
0.87476
0.22314
0.61287
0.3075
0.91987
0.096726
0.7384
0.43498
0.7915
0.13821
0.52596
0.33194
0.94234
0.0098061
0.65342
0.45744
0.8159
0.21115
0.57732
0.2562
0.89189
0.093463
0.69595
0.37679
0.77225
0.16681
0.56041
0.36395
0.9724
0.044201
0.68195
0.48744
0.84784
0.24946
0.60194
0.28229
0.92774
0.11815
0.73431
0.41271
0.79839
0.14694
0.50136
0.3204
0.96779
0.017562
0.63175
0.45274
0.83646
0.1912
0.58287
0.27897
0.88548
0.066672
0.70639
0.40053
0.7629
0.18102
0.54522
0.35082
0.98455
0.061345
0.66578
0.46943
0.86683
0.23134
0.62103
0.29933
0.91168
0.10492
0.74657
0.42682
0.78331
0.13076
0.51852
0.33938
0.94979
0.0023574
0.64598
0.46488
0.82334
0.20347
0.56961
0.2639
0.89957
0.085784
0.68825
0.38449
0.77993
0.15886
0.55249
0.37187
0.98034
0.036257
0.67402
0.49536
0.85579
0.24128
0.59375
0.29048
0.93592
0.10998
0.72612
0.42089
0.80657
0.15438
0.50882
0.31295
0.96036
0.024997
0.6392
0.44529
0.82902
0.19889
0.59055
0.27128
0.87778
0.074367
0.71407
0.39285
0.75521
0.17802
0.53257
0.35173
0.99924
0.048609
0.66292
0.48403
0.86788
0.22261
0.61417
0.31014
0.91653
0.098117
0.73772
0.43173
0.79399
0.13569
0.52918
0.33259
0.94092
0.013177
0.65081
0.45617
0.81646
0.21806
0.57068
0.25115
0.89673
0.08667
0.70295
0.38147
0.76729
0.16966
0.55728
0.36314
0.97342
0.041228
0.68471
0.48862
0.84694
0.24221
0.60849
0.2875
0.92331
0.12455
0.72715
0.40812
0.80369
0.14161
0.50592
0.32753
0.96137
0.02203
0.62657
0.44623
0.84374
0.19213
0.58172
0.27623
0.88848
0.065618
0.70716
0.40363
0.76002
0.18514
0.54153
0.34761
0.98916
0.056734
0.66899
0.47311
0.86271
0.22672
0.62424
0.30302
0.90757
0.10903
0.74288
0.42361
0.78792
0.12615
0.52173
0.34307
0.94568
0.0064723
0.64229
0.46167
0.82796
0.20759
0.56593
0.26069
0.90418
0.081173
0.69146
0.38818
0.77581
0.1625
0.5483
0.36721
0.98348
0.033116
0.67869
0.49955
0.85215
0.23814
0.59842
0.29466
0.93228
0.11361
0.72194
0.41623
0.80971
0.15124
0.51348
0.31713
0.95672
0.028633
0.63502
0.44062
0.83216
0.20253
0.58637
0.26662
0.88092
0.071227
0.71874
0.39703
0.75157
0.17433
0.53669
0.35634
0.99604
0.051818
0.65831
0.47992
0.87157
0.22582
0.60955
0.30602
0.92022
0.094427
0.74183
0.43635
0.79078
0.1389
0.52457
0.32847
0.94461
0.0094875
0.65492
0.46078
0.81325
0.21438
0.57479
0.25576
0.89352
0.089879
0.69834
0.37735
0.77097
0.16548
0.56092
0.36628
0.96876
0.045893
0.68157
0.48498
0.85113
0.24688
0.60535
0.28386
0.92749
0.12036
0.73079
0.41126
0.79903
0.14628
0.50278
0.32389
0.96555
0.017846
0.63021
0.44936
0.83907
0.18794
0.58535
0.27937
0.88382
0.070282
0.70402
0.4
0.7642
0.1825
0.54487
0.34815
0.98787
0.059985
0.6665
0.47173
0.8634
0.23376
0.61748
0.29809
0.91228
0.10237
0.74976
0.42842
0.78284
0.1312
0.51689
0.33615
0.95231
0.0017871
0.64724
0.46846
0.82095
0.20693
0.56734
0.26321
0.90096
0.082436
0.69089
0.38481
0.77842
0.15729
0.55275
0.37446
0.97694
0.037712
0.6734
0.49316
0.85931
0.23895
0.5974
0.29181
0.93541
0.11244
0.72284
0.4192
0.80695
0.15397
0.51048
0.3162
0.95786
0.025533
0.6379
0.44167
0.83138
0.1954
0.59279
0.27194
0.87636
0.077741
0.71146
0.39256
0.75674
0.1777
0.53407
0.35507
0.9966
0.049297
0.66153
0.48057
0.87015
0.21903
0.61656
0.3107
0.91526
0.10134
0.73519
0.43129
0.79562
0.13409
0.52965
0.33514
0.93773
0.014419
0.65021
0.45375
0.82001
0.21577
0.57411
0.25251
0.89601
0.089346
0.69964
0.38
0.76764
0.16995
0.55575
0.35976
0.97603
0.040567
0.68613
0.4921
0.8447
0.24582
0.60612
0.28696
0.9246
0.12129
0.72964
0.40852
0.80203
0.14331
0.50555
0.32507
0.96465
0.020701
0.62708
0.44856
0.8401
0.19434
0.5782
0.27478
0.88911
0.063037
0.71057
0.4052
0.75976
0.1868
0.53941
0.34488
0.99046
0.055437
0.67172
0.47524
0.86105
0.22945
0.62294
0.30136
0.90969
0.10691
0.74454
0.42491
0.78519
0.12885
0.5204
0.34137
0.94777
0.0043819
0.64398
0.463
0.82526
0.20929
0.56383
0.25799
0.90551
0.079845
0.69416
0.39027
0.77412
0.16086
0.55045
0.36997
0.98222
0.034383
0.67593
0.4974
0.85378
0.23538
0.59969
0.29629
0.93013
0.11577
0.72031
0.41496
0.81247
0.14844
0.51472
0.31873
0.95454
0.030815
0.63342
0.43938
0.83496
0.20093
0.58855
0.26941
0.87969
0.072463
0.71594
0.39485
0.75318
0.17224
0.53838
0.35766
0.99333
0.054519
0.65699
0.47822
0.87366
0.22449
0.61225
0.30811
0.91853
0.096121
0.73974
0.43365
0.79211
0.1376
0.5273
0.33059
0.94295
0.011151
0.6528
0.45805
0.81455
0.21225
0.57646
0.25705
0.89079
0.09261
0.69705
0.37569
0.77309
0.16766
0.55932
0.36505
0.97155
0.043101
0.68281
0.48658
0.84895
0.24811
0.60255
0.28168
0.92909
0.11876
0.73297
0.41405
0.79779
0.14755
0.50002
0.32174
0.96718
0.016214
0.63236
0.45213
0.8378
0.19009
0.58372
0.27811
0.88658
0.06752
0.70529
0.40163
0.76205
0.17992
0.54608
0.34996
0.98566
0.062198
0.66469
0.47052
0.86598
0.23194
0.6197
0.30067
0.91108
0.10357
0.74718
0.4262
0.78466
0.12941
0.51913
0.33876
0.95114
0.002962
0.64464
0.46622
0.82274
0.20432
0.56852
0.26499
0.89872
0.084679
0.68911
0.38363
0.78103
0.15997
0.55163
0.37273
0.97924
0.035408
0.67512
0.49427
0.85664
0.24068
0.59509
0.28914
0.93653
0.11133
0.72551
0.42151
0.80522
0.15572
0.5082
0.31356
0.95901
0.024388
0.64054
0.44394
0.82963
0.19804
0.59165
0.27018
0.87863
0.075468
0.71321
0.3937
0.7541
0.17888
0.53146
0.35283
0.99838
0.047512
0.66377
0.48318
0.86897
0.22127
0.61477
0.30953
0.91787
0.098729
0.73637
0.43308
0.79337
0.13631
0.52784
0.33394
0.94031
0.01184
0.65142
0.45556
0.8178
0.21697
0.57153
0.2503
0.89782
0.08753
0.70185
0.38258
0.76643
0.1688
0.55839
0.36204
0.97428
0.042321
0.68386
0.48946
0.84584
0.24355
0.60788
0.2881
0.92196
0.12393
0.7285
0.40677
0.8043
0.141
0.50727
0.32618
0.96198
0.023371
0.62597
0.44683
0.8424
0.19323
0.58087
0.27709
0.88739
0.064761
0.70827
0.40253
0.76088
0.18368
0.54201
0.34616
0.98965
0.058208
0.66849
0.47459
0.86222
0.22818
0.62376
0.30448
0.90709
0.10756
0.74338
0.42214
0.78842
0.12566
0.52318
0.34258
0.94713
0.0069662
0.64081
0.46217
0.82648
0.20807
0.56447
0.26117
0.90272
0.080675
0.69293
0.38768
0.77728
0.16397
0.54781
0.36868
0.98299
0.031661
0.67917
0.49809
0.85263
0.23667
0.59892
0.29319
0.93278
0.11507
0.72146
0.41769
0.80923
0.15173
0.51201
0.31762
0.95525
0.02815
0.63648
0.44014
0.83362
0.20203
0.58784
0.26612
0.88239
0.071706
0.71728
0.39751
0.75012
0.17481
0.53523
0.35682
0.99458
0.051321
0.65978
0.47942
0.87304
0.22534
0.61101
0.30554
0.92168
0.094921
0.74036
0.43684
0.78931
0.14036
0.52409
0.32993
0.94413
0.008017
0.65542
0.45931
0.81375
0.21292
0.57528
0.2543
0.894
0.091354
0.69785
0.37883
0.77048
0.16498
0.56239
0.36579
0.97023
0.046372
0.68011
0.48546
0.84967
0.24737
0.60387
0.28436
0.92601
0.11988
0.73224
0.41077
0.80048
0.14481
0.50328
0.32242
0.96605
0.019306
0.62973
0.45082
0.83859
0.18942
0.58486
0.28085
0.88332
0.068827
0.7045
0.39854
0.76469
0.18299
0.5434
0.34864
0.98639
0.059502
0.66796
0.47125
0.86486
0.23326
0.61895
0.29759
0.91375
0.10285
0.7483
0.42889
0.78138
0.13267
0.51639
0.33763
0.95182
0.0003317
0.64773
0.46701
0.82143
0.20546
0.56784
0.26174
0.90146
0.083895
0.69041
0.38626
0.77794
0.15681
0.5542
0.37397
0.97839
0.038206
0.67192
0.49365
0.85783
0.23943
0.59594
0.29229
0.93395
0.11194
0.72431
0.41871
0.80842
0.15251
0.51096
0.31474
0.95835
0.027007
0.63741
0.44315
0.83089
0.19686
0.59231
0.2734
0.87588
0.076271
0.71196
0.39109
0.75724
0.17623
0.53457
0.3536
0.9971
0.050757
0.66105
0.48203
0.86967
0.2205
0.61606
0.31218
0.91477
0.099883
0.73568
0.42984
0.7961
0.1336
0.53112
0.33464
0.9392
0.014897
0.64875
0.45423
0.81855
0.21626
0.57263
0.253
0.89453
0.088864
0.7011
0.37951
0.76909
0.17141
0.55527
0.36122
0.97555
0.039096
0.68663
0.49063
0.8452
0.24436
0.6066
0.2855
0.92509
0.12277
0.72915
0.41
0.80154
0.14378
0.50409
0.32555
0.96319
0.020203
0.62855
0.44806
0.84157
0.19386
0.57966
0.2743
0.89057
0.063531
0.7091
0.40569
0.75829
0.18632
0.54087
0.3444
0.99192
0.055934
0.67025
0.47573
0.85958
0.22994
0.62149
0.30184
0.90823
0.10642
0.74602
0.42441
0.78667
0.12739
0.52088
0.33991
0.94825
0.0058523
0.64348
0.46447
0.82476
0.21074
0.56335
0.25945
0.90503
0.078371
0.69465
0.38879
0.77461
0.16136
0.54898
0.37047
0.98075
0.033904
0.67739
0.49692
0.85524
0.23489
0.60116
0.2958
0.9316
0.11625
0.71885
0.41544
0.81101
0.14992
0.51422
0.3202
0.95404
0.029356
0.6339
0.43792
0.83543
0.19945
0.58904
0.26793
0.88018
0.073918
0.71546
0.39631
0.75269
0.1737
0.5379
0.35912
0.99285
0.053045
0.65748
0.47675
0.87415
0.22303
0.61273
0.30665
0.91901
0.097592
0.73924
0.43512
0.79161
0.13808
0.52584
0.33108
0.94149
0.010657
0.65428
0.45756
0.81602
0.21178
0.57791
0.25657
0.89225
0.093108
0.69558
0.37619
0.77162
0.16618
0.55981
0.36357
0.97204
0.044556
0.68232
0.48804
0.84846
0.24958
0.60206
0.28315
0.92859
0.1173
0.73345
0.41259
0.79827
0.14705
0.5015
0.32125
0.96866
0.016696
0.6309
0.45261
0.83635
0.19059
0.58225
0.27861
0.88511
0.067042
0.70675
0.40115
0.76351
0.18139
0.54558
0.35143
0.98516
0.060738
0.66517
0.46906
0.86646
0.23047
0.62019
0.29919
0.91157
0.10503
0.7467
0.42766
0.78418
0.12991
0.51766
0.33926
0.94967
0.0024832
0.64609
0.46574
0.82419
0.20383
0.56999
0.2645
0.90019
0.085162
0.68765
0.38411
0.77957
0.15851
0.55211
0.37127
0.97972
0.036878
0.67462
0.49574
0.85614
0.24213
0.59461
0.29059
0.93604
0.10985
0.72601
0.42003
0.80572
0.15524
0.50966
0.31308
0.96047
0.024886
0.63907
0.44444
0.82816
0.19852
0.59019
0.27067
0.87718
0.074974
0.71469
0.39321
0.75558
0.17838
0.53294
0.35233
0.99986
0.047995
0.66232
0.48366
0.86752
0.22177
0.6133
0.31003
0.9164
0.098251
0.73783
0.4326
0.79483
0.13483
0.52833
0.33246
0.9408
0.013295
0.65093
0.45702
0.81731
0.21844
0.57103
0.25177
0.89733
0.086071
0.70233
0.38112
0.76691
0.16928
0.55693
0.36252
0.97282
0.041827
0.68533
0.48897
0.84732
0.24307
0.60934
0.28762
0.92342
0.12443
0.72703
0.40727
0.80283
0.14246
0.50679
0.32764
0.9615
0.021897
0.62646
0.44536
0.84289
0.19177
0.58135
0.27563
0.88787
0.066232
0.70777
0.404
0.76038
0.18457
0.54109
0.34705
0.98872
0.057176
0.66955
0.47356
0.86328
0.22729
0.62468
0.30358
0.90801
0.10859
0.74231
0.42317
0.78736
0.12668
0.52214
0.3436
0.94609
0.0060598
0.64175
0.46126
0.82742
0.20706
0.56551
0.26016
0.90377
0.081584
0.69199
0.38859
0.77634
0.16303
0.54871
0.36774
0.9839
0.032704
0.67815
0.49914
0.85162
0.23761
0.59801
0.29413
0.93187
0.11403
0.72247
0.41664
0.81024
0.15067
0.51304
0.31656
0.95628
0.029075
0.63559
0.44106
0.83273
0.20309
0.58681
0.26718
0.88137
0.070784
0.71817
0.39659
0.75101
0.17392
0.53615
0.35593
0.9955
0.052353
0.65873
0.48045
0.87198
0.22623
0.61009
0.30643
0.92076
0.093894
0.74142
0.43581
0.79037
0.13934
0.52513
0.32892
0.94518
0.0089234
0.65448
0.46022
0.81281
0.21393
0.57423
0.25531
0.89295
0.090444
0.69879
0.37792
0.77142
0.16592
0.56148
0.36673
0.96932
0.045329
0.68113
0.48442
0.85068
0.24643
0.60478
0.28342
0.92692
0.12093
0.73123
0.41182
0.79947
0.14587
0.50225
0.32348
0.96502
0.018381
0.63062
0.4499
0.83948
0.18836
0.58589
0.27979
0.88435
0.069748
0.70361
0.39946
0.76379
0.18209
0.54434
0.34774
0.98733
0.060519
0.66691
0.47226
0.86382
0.23417
0.61802
0.2985
0.91282
0.10183
0.74935
0.42788
0.78243
0.13164
0.51745
0.33659
0.95288
0.001222
0.6468
0.4679
0.82051
0.20649
0.56678
0.26277
0.9004
0.083
0.69133
0.38537
0.77886
0.15774
0.55331
0.3749
0.9775
0.037147
0.67295
0.49259
0.85887
0.23851
0.59683
0.29137
0.93485
0.113
0.72328
0.41977
0.80739
0.15355
0.50994
0.31579
0.95733
0.026066
0.63831
0.4422
0.8318
0.19581
0.59332
0.27235
0.87689
0.077207
0.71105
0.39203
0.75633
0.17714
0.53363
0.35451
0.99616
0.04974
0.66209
0.48102
0.87071
0.21959
0.617
0.31127
0.9157
0.1009
0.73463
0.43085
0.79505
0.13463
0.53006
0.33568
0.93814
0.014007
0.64968
0.45334
0.81948
0.21523
0.57369
0.25198
0.89559
0.089759
0.70017
0.38041
0.76817
0.17048
0.55616
0.3603
0.97644
0.040155
0.6856
0.49169
0.84417
0.24529
0.60571
0.28642
0.92419
0.1217
0.73018
0.40894
0.80256
0.14274
0.5051
0.3245
0.96421
0.021144
0.62765
0.449
0.84066
0.1949
0.57864
0.27535
0.88956
0.062595
0.71001
0.40476
0.7592
0.18736
0.53985
0.34544
0.9909
0.054994
0.67116
0.47479
0.86049
0.22889
0.6225
0.30079
0.90925
0.10735
0.74511
0.42535
0.78576
0.12831
0.51999
0.34084
0.94736
0.0047934
0.64451
0.46341
0.82579
0.20982
0.56425
0.25852
0.90592
0.079433
0.69363
0.38986
0.77358
0.16033
0.55004
0.36944
0.98181
0.034794
0.67646
0.49781
0.85432
0.23591
0.6001
0.29683
0.93054
0.11535
0.71977
0.41455
0.81194
0.14901
0.51516
0.3193
0.95498
0.030372
0.63285
0.43894
0.83439
0.20036
0.58811
0.26884
0.87925
0.072905
0.71651
0.39529
0.75374
0.17265
0.53891
0.35808
0.99387
0.053985
0.65657
0.47769
0.87325
0.22408
0.61172
0.3077
0.91799
0.096655
0.74015
0.43418
0.79252
0.13716
0.52673
0.33015
0.94238
0.011716
0.65324
0.45862
0.81499
0.2127
0.57702
0.2575
0.89135
0.092046
0.6966
0.37513
0.77265
0.16722
0.55875
0.3646
0.97098
0.043666
0.68325
0.48715
0.84939
0.24855
0.60312
0.28212
0.92966
0.1182
0.73253
0.41349
0.79735
0.14796
0.50055
0.32215
0.96772
0.01568
0.63195
0.45159
0.83739
0.18968
0.58319
0.2777
0.88604
0.068055
0.7057
0.40216
0.76246
0.18033
0.54661
0.35038
0.98619
0.061663
0.66427
0.46999
0.86557
0.23153
0.61916
0.30026
0.91054
0.10411
0.7476
0.42674
0.78507
0.12897
0.51857
0.33832
0.95057
0.0035261
0.64508
0.46678
0.82318
0.20477
0.56908
0.26544
0.89928
0.084114
0.68866
0.38307
0.78058
0.15952
0.55107
0.37229
0.97868
0.035972
0.67556
0.49483
0.85708
0.24112
0.59566
0.28958
0.93709
0.11076
0.72507
0.42094
0.80478
0.15613
0.50874
0.31397
0.95954
0.023854
0.64013
0.44341
0.82922
0.19763
0.59111
0.26977
0.8781
0.076001
0.71362
0.39424
0.75452
0.17944
0.53191
0.35339
0.99883
0.04707
0.66321
0.48274
0.86841
0.22071
0.61433
0.30896
0.91743
0.099172
0.73693
0.43352
0.79394
0.13577
0.52742
0.3334
0.9399
0.012252
0.65195
0.45598
0.81833
0.21751
0.57194
0.25083
0.89823
0.087119
0.70132
0.38216
0.7659
0.16827
0.55797
0.3615
0.97387
0.042734
0.68439
0.48988
0.84638
0.24408
0.60829
0.28864
0.92238
0.12352
0.72796
0.40636
0.80377
0.14157
0.50771
0.32675
0.96242
0.022929
0.6254
0.44639
0.84183
0.19266
0.58043
0.27652
0.88695
0.065204
0.70883
0.40297
0.76144
0.18409
0.54255
0.34657
0.99018
0.057674
0.66808
0.47405
0.86181
0.22777
0.62323
0.30407
0.90655
0.1081
0.74379
0.42267
0.78883
0.12522
0.52262
0.34214
0.94657
0.0075303
0.64126
0.46273
0.82692
0.20851
0.56503
0.26161
0.90329
0.08011
0.69249
0.38712
0.77684
0.16353
0.54724
0.36824
0.98243
0.032225
0.67961
0.49866
0.85308
0.23711
0.59948
0.29363
0.93334
0.11451
0.72102
0.41712
0.80879
0.15214
0.51254
0.31804
0.95578
0.027616
0.63606
0.4396
0.83321
0.20162
0.5873
0.26571
0.88186
0.072239
0.71769
0.39805
0.75053
0.17537
0.53567
0.35738
0.99502
0.050878
0.65922
0.47898
0.87248
0.22477
0.61057
0.30498
0.92124
0.095364
0.74092
0.43728
0.78987
0.13982
0.52368
0.3294
0.94372
0.0084295
0.65595
0.45972
0.81428
0.21346
0.57569
0.25484
0.89441
0.090942
0.69731
0.37842
0.76995
0.16444
0.56198
0.36525
0.96982
0.046784
0.68065
0.48587
0.8502
0.2479
0.60428
0.28489
0.92643
0.11947
0.73171
0.41036
0.79995
0.14537
0.50372
0.32299
0.96649
0.018864
0.62916
0.45038
0.83803
0.18885
0.58442
0.28028
0.88288
0.06927
0.70507
0.39898
0.76525
0.18356
0.54384
0.34921
0.98684
0.059059
0.66739
0.4708
0.86429
0.2327
0.61851
0.29703
0.91331
0.10329
0.74887
0.42934
0.78195
0.13214
0.51598
0.33709
0.95141
0.00074315
0.64826
0.46742
0.82197
0.206
0.56825
0.26227
0.90187
0.083483
0.68988
0.38585
0.7774
0.15628
0.55379
0.37344
0.97798
0.038617
0.67246
0.49406
0.85837
0.23996
0.59635
0.29282
0.93437
0.11153
0.72378
0.41829
0.80789
0.15307
0.5114
0.31531
0.95879
0.026564
0.63684
0.4427
0.83033
0.1963
0.59187
0.27283
0.87544
0.076713
0.71252
0.39153
0.75781
0.17664
0.5351
0.35401
0.99763
0.050223
0.66064
0.4815
0.86926
0.22009
0.61553
0.31177
0.91423
0.10042
0.73609
0.43037
0.79651
0.13315
0.53056
0.3342
0.93864
0.015463
0.64919
0.45479
0.81899
0.2167
0.5732
0.25345
0.8951
0.0883
0.70065
0.37895
0.76865
0.17096
0.5547
0.36078
0.97499
0.039661
0.68707
0.4912
0.84564
0.24481
0.60717
0.28595
0.92565
0.1222
0.7287
0.40943
0.80109
0.1442
0.50462
0.32596
0.96373
0.019669
0.62814
0.44753
0.84115
0.19344
0.57912
0.27389
0.89003
0.064066
0.70951
0.40623
0.7587
0.18591
0.54034
0.34399
0.99139
0.056468
0.67066
0.47627
0.85999
0.23035
0.62202
0.30225
0.90877
0.10588
0.7456
0.42388
0.78625
0.12783
0.52144
0.34036
0.94881
0.0052872
0.64304
0.46391
0.82432
0.2103
0.56279
0.259
0.90446
0.078935
0.6951
0.38936
0.77505
0.1618
0.54955
0.37091
0.98131
0.033339
0.67694
0.49635
0.8548
0.23444
0.6006
0.29536
0.93104
0.11681
0.7193
0.41601
0.81146
0.1495
0.51369
0.31979
0.95351
0.029889
0.63431
0.43846
0.83585
0.19986
0.58958
0.26835
0.88072
0.073384
0.71505
0.39577
0.75228
0.17313
0.53745
0.35856
0.99241
0.053488
0.65804
0.47719
0.87472
0.2236
0.61317
0.30722
0.91945
0.09715
0.73868
0.43468
0.79105
0.13862
0.52626
0.33161
0.94191
0.010245
0.65374
0.45715
0.81549
0.21124
0.5775
0.25604
0.89183
0.093521
0.69611
0.3766
0.77216
0.16672
0.56022
0.36411
0.97246
0.044145
0.68179
0.48763
0.84793
0.24905
0.60164
0.28262
0.92818
0.11772
0.73398
0.413
0.7988
0.14649
0.50105
0.32068
0.96821
0.017139
0.63147
0.45305
0.83691
0.19116
0.58269
0.27917
0.88555
0.0666
0.70618
0.40071
0.76295
0.18082
0.54514
0.35087
0.98472
0.06118
0.66573
0.46951
0.86703
0.23103
0.62063
0.29976
0.91201
0.10458
0.74614
0.42722
0.78361
0.13044
0.51807
0.33979
0.95008
0.0020707
0.64556
0.46533
0.82366
0.2033
0.56958
0.26396
0.89978
0.085573
0.68819
0.38452
0.78011
0.15904
0.55252
0.37181
0.98013
0.036466
0.67409
0.49533
0.85561
0.2416
0.5942
0.29006
0.93563
0.11026
0.72654
0.42045
0.80625
0.15468
0.50922
0.31251
0.96003
0.025328
0.63964
0.44488
0.82872
0.19909
0.59063
0.27123
0.87762
0.074531
0.71412
0.39277
0.75501
0.17797
0.5324
0.35192
0.99932
0.048529
0.66273
0.4842
0.86793
0.22218
0.61383
0.31044
0.91693
0.097717
0.73741
0.43207
0.79442
0.13527
0.52889
0.33291
0.94137
0.012731
0.65049
0.45646
0.81687
0.218
0.57047
0.25133
0.89676
0.086636
0.70277
0.38168
0.76735
0.16973
0.55749
0.36296
0.97339
0.041263
0.68489
0.48841
0.84688
0.24262
0.60877
0.28718
0.92286
0.125
0.72747
0.40783
0.80328
0.14204
0.50625
0.32723
0.96097
0.022431
0.62687
0.44589
0.8433
0.19218
0.58188
0.27604
0.8884
0.065699
0.70736
0.40347
0.75997
0.18544
0.54193
0.34718
0.98883
0.057065
0.66942
0.47271
0.86241
0.22692
0.62432
0.30297
0.9074
0.1092
0.74293
0.42353
0.78773
0.12633
0.52176
0.343
0.94547
0.0066816
0.64235
0.46164
0.82778
0.20791
0.56637
0.26028
0.9039
0.081458
0.69188
0.38773
0.77549
0.16218
0.54786
0.36762
0.98377
0.032829
0.67827
0.49999
0.85247
0.23796
0.59839
0.29472
0.93249
0.1134
0.72188
0.41626
0.80989
0.15104
0.5134
0.31718
0.95689
0.028468
0.63497
0.4407
0.83236
0.20223
0.58597
0.26705
0.88126
0.070895
0.71831
0.39743
0.75188
0.17476
0.53702
0.35604
0.99563
0.052219
0.65861
0.47959
0.87114
0.22587
0.60972
0.30583
0.92014
0.094508
0.74203
0.43618
0.79073
0.13896
0.52478
0.32829
0.94458
0.0095222
0.6551
0.46057
0.81318
0.21479
0.57508
0.25544
0.89307
0.090326
0.69866
0.37707
0.77056
0.16506
0.56063
0.3666
0.9692
0.045447
0.68125
0.48527
0.85154
0.24681
0.60514
0.28404
0.92752
0.12033
0.73061
0.41147
0.79909
0.14623
0.50262
0.32409
0.96563
0.017767
0.63001
0.44953
0.83912
0.18751
0.58502
0.27968
0.88422
0.069882
0.70372
0.40033
0.76463
0.18222
0.54445
0.3486
0.98818
0.059676
0.66605
0.47215
0.86368
0.23356
0.61741
0.29813
0.91246
0.10219
0.74972
0.42849
0.78305
0.13104
0.51683
0.33624
0.9525
0.0015997
0.64716
0.46852
0.82111
0.20661
0.5669
0.26362
0.90125
0.082142
0.69048
0.38524
0.77874
0.15762
0.55318
0.37405
0.97665
0.038005
0.6738
0.49272
0.85898
0.23911
0.59746
0.29172
0.93523
0.11263
0.72293
0.41915
0.80679
0.15417
0.51055
0.31616
0.95769
0.025704
0.63794
0.4416
0.83118
0.19568
0.59321
0.27148
0.87605
0.07805
0.71191
0.39214
0.75647
0.17725
0.53376
0.35535
0.99702
0.048874
0.66125
0.48088
0.8706
0.21899
0.61638
0.31091
0.91533
0.10127
0.73499
0.43147
0.79566
0.13401
0.52946
0.3353
0.93779
0.014362
0.65005
0.45394
0.8201
0.21536
0.57381
0.25283
0.89645
0.088908
0.69932
0.38029
0.76804
0.17035
0.55604
0.35944
0.97559
0.041006
0.68646
0.49181
0.84429
0.24591
0.60631
0.2868
0.92455
0.12135
0.7298
0.40834
0.80194
0.14335
0.50572
0.32487
0.96458
0.020773
0.62728
0.44839
0.84005
0.19479
0.57851
0.2745
0.88869
0.063461
0.71085
0.40489
0.75931
0.18676
0.53923
0.34509
0.99053
0.055371
0.67151
0.47541
0.86108
0.22901
0.62263
0.30164
0.9101
0.1065
0.74426
0.42522
0.78564
0.12845
0.5201
0.3417
0.9482
0.0039503
0.64365
0.4633
0.82566
0.2092
0.56364
0.25815
0.90556
0.079795
0.694
0.39046
0.7742
0.16094
0.55065
0.36981
0.98217
0.034432
0.67609
0.4972
0.8537
0.23578
0.59999
0.29596
0.9297
0.1162
0.72064
0.41466
0.81207
0.14889
0.51504
0.31845
0.95412
0.03123
0.6337
0.43907
0.83451
0.20096
0.58873
0.2692
0.87962
0.072527
0.71615
0.39467
0.75314
0.17203
0.53831
0.3577
0.99351
0.05434
0.65695
0.47829
0.87387
0.22421
0.61184
0.30856
0.91885
0.095805
0.73929
0.43406
0.7924
0.13727
0.52687
0.331
0.94325
0.01085
0.6524
0.45848
0.81488
0.21209
0.57641
0.25713
0.89098
0.092416
0.69697
0.37574
0.77326
0.16782
0.55937
0.36497
0.97135
0.043296
0.68289
0.48653
0.84878
0.24844
0.60298
0.28128
0.92879
0.11906
0.73337
0.41362
0.79746
0.14783
0.50044
0.32129
0.96687
0.016531
0.63281
0.45171
0.83752
0.1903
0.58379
0.27807
0.8864
0.0677
0.70532
0.40156
0.76184
0.17998
0.54624
0.34978
0.98557
0.062285
0.66487
0.47037
0.86592
0.23238
0.62002
0.30038
0.91067
0.10398
0.74748
0.42588
0.78422
0.12983
0.51941
0.33845
0.95068
0.0034156
0.64494
0.46594
0.82231
0.2044
0.56872
0.26482
0.89868
0.084721
0.68928
0.38343
0.78095
0.15989
0.55143
0.3729
0.97928
0.035365
0.67495
0.49447
0.85671
0.24025
0.59482
0.28945
0.93698
0.11087
0.7252
0.42179
0.80565
0.15528
0.50788
0.31385
0.95942
0.02398
0.64025
0.44427
0.83007
0.19798
0.59149
0.27037
0.87872
0.07538
0.71303
0.39386
0.75416
0.17906
0.53155
0.35277
0.99823
0.047669
0.66383
0.4831
0.86879
0.22157
0.61518
0.30909
0.91755
0.099054
0.73681
0.43267
0.79308
0.13662
0.52829
0.33351
0.94003
0.012119
0.65184
0.45511
0.81749
0.21714
0.57157
0.25022
0.89762
0.087733
0.70193
0.38253
0.76626
0.16863
0.55834
0.36211
0.97448
0.04212
0.68379
0.48951
0.84602
0.24324
0.60742
0.28853
0.92224
0.12365
0.72807
0.40722
0.80461
0.14071
0.50686
0.32662
0.96231
0.023047
0.62553
0.44724
0.84269
0.19304
0.58078
0.27714
0.88754
0.064605
0.70821
0.40262
0.76106
0.18397
0.54243
0.34571
0.98933
0.058524
0.66894
0.47417
0.86193
0.22839
0.62383
0.30444
0.90691
0.10774
0.74341
0.42207
0.78821
0.12583
0.52323
0.3425
0.94694
0.0071602
0.64089
0.46212
0.82632
0.2084
0.5649
0.26077
0.90242
0.080976
0.69333
0.38725
0.77695
0.16364
0.54738
0.36908
0.98329
0.031359
0.67877
0.49852
0.85297
0.23651
0.59887
0.29327
0.93297
0.11488
0.72138
0.41773
0.80939
0.15152
0.51195
0.31766
0.95543
0.02797
0.63644
0.4402
0.83383
0.20174
0.58742
0.26656
0.88271
0.071389
0.71683
0.39793
0.7504
0.17526
0.53554
0.35653
0.99416
0.051737
0.66007
0.4791
0.87259
0.22537
0.61119
0.30533
0.92161
0.094987
0.74057
0.43666
0.78927
0.14044
0.52428
0.32977
0.94408
0.0080671
0.65558
0.45912
0.81367
0.21332
0.57558
0.25397
0.89357
0.091785
0.69818
0.37853
0.77008
0.16458
0.56209
0.36612
0.97066
0.045941
0.67978
0.48576
0.85007
0.24729
0.60368
0.28452
0.92606
0.11983
0.73208
0.41097
0.80056
0.14478
0.5031
0.32263
0.96611
0.019241
0.62952
0.451
0.83863
0.18897
0.58454
0.28114
0.88374
0.068412
0.70422
0.39886
0.76513
0.1827
0.54299
0.34908
0.98672
0.059178
0.66752
0.47165
0.86515
0.23308
0.61887
0.29765
0.91391
0.10269
0.74825
0.42898
0.78157
0.1325
0.51635
0.3377
0.95202
0.00012907
0.64766
0.46705
0.8216
0.20515
0.56739
0.26216
0.90174
0.083616
0.68999
0.38672
0.77825
0.15712
0.55465
0.37355
0.97812
0.038484
0.67235
0.49319
0.85753
0.2396
0.59598
0.29221
0.93375
0.11214
0.72439
0.41866
0.80825
0.1527
0.51105
0.31469
0.95819
0.027163
0.63747
0.44306
0.8307
0.19715
0.59272
0.27296
0.87556
0.076594
0.71239
0.39068
0.75695
0.17579
0.53425
0.35389
0.9975
0.050349
0.66076
0.48236
0.87011
0.22045
0.61591
0.31237
0.91485
0.099796
0.73549
0.43
0.79616
0.13352
0.53092
0.33482
0.93924
0.014856
0.64858
0.45443
0.81862
0.21584
0.57235
0.25331
0.89499
0.08841
0.70079
0.37979
0.76951
0.17183
0.55555
0.36091
0.9751
0.03955
0.68694
0.49036
0.84477
0.24444
0.60681
0.28533
0.92504
0.12281
0.72932
0.4098
0.80146
0.14384
0.50424
0.32536
0.96311
0.020291
0.62874
0.4479
0.84151
0.1943
0.57998
0.27401
0.89016
0.06394
0.70939
0.40537
0.75785
0.18627
0.54071
0.3446
0.992
0.055854
0.67006
0.4759
0.85963
0.22951
0.62116
0.30214
0.90863
0.10602
0.74571
0.42474
0.7871
0.12697
0.52059
0.34023
0.94869
0.0054055
0.64317
0.46476
0.82517
0.21068
0.56314
0.25962
0.90506
0.078336
0.69447
0.389
0.77467
0.16143
0.54919
0.37029
0.98071
0.033938
0.67757
0.49671
0.85518
0.2353
0.60145
0.29548
0.93116
0.11669
0.71917
0.41516
0.8106
0.15035
0.51455
0.3199
0.95364
0.029756
0.6342
0.43759
0.835
0.1995
0.58921
0.26774
0.8801
0.073998
0.71566
0.39614
0.75265
0.1735
0.53782
0.35917
0.99302
0.052881
0.65743
0.47683
0.87435
0.22273
0.61233
0.30708
0.91934
0.09726
0.73881
0.43552
0.79191
0.13777
0.5254
0.33149
0.94178
0.010371
0.65386
0.458
0.81634
0.2116
0.57788
0.25664
0.89245
0.092899
0.69551
0.37622
0.7718
0.16636
0.55985
0.36351
0.97183
0.044766
0.68239
0.488
0.84828
0.2499
0.6025
0.28273
0.92831
0.11759
0.73387
0.41214
0.79795
0.14735
0.5019
0.32081
0.96832
0.017029
0.63134
0.45221
0.83605
0.19079
0.58233
0.27856
0.88494
0.067206
0.7068
0.40107
0.76332
0.18143
0.54575
0.35123
0.98509
0.06081
0.66537
0.46889
0.86642
0.23092
0.6205
0.29892
0.91115
0.10545
0.74698
0.42735
0.78372
0.13032
0.51796
0.33893
0.94923
0.0029214
0.64642
0.46544
0.82379
0.20392
0.57018
0.26434
0.90013
0.085219
0.68781
0.38393
0.77948
0.15842
0.55192
0.37143
0.97978
0.036821
0.67447
0.49593
0.85623
0.24172
0.59432
0.29092
0.93648
0.10941
0.72568
0.42033
0.80613
0.15479
0.50935
0.31336
0.96089
0.024462
0.63879
0.44475
0.82861
0.19848
0.59002
0.27087
0.87725
0.074901
0.71449
0.39338
0.75562
0.17858
0.53301
0.35229
0.99969
0.048167
0.66236
0.48359
0.86732
0.22205
0.61372
0.30957
0.91609
0.09856
0.73828
0.43218
0.79455
0.13516
0.52877
0.33205
0.94051
0.01359
0.65134
0.45658
0.81699
0.2186
0.57109
0.25168
0.89714
0.086259
0.70242
0.38106
0.76675
0.16913
0.55687
0.36261
0.97301
0.041641
0.68524
0.48903
0.84748
0.24274
0.6089
0.28803
0.92372
0.12414
0.72662
0.40771
0.80316
0.14218
0.50636
0.32809
0.96181
0.021588
0.62601
0.44578
0.84317
0.19156
0.58128
0.27567
0.88804
0.066061
0.70773
0.40407
0.76058
0.18484
0.54134
0.34683
0.98848
0.057415
0.66977
0.47331
0.86301
0.22751
0.62492
0.30332
0.90775
0.10885
0.74258
0.42293
0.78713
0.12695
0.52239
0.34338
0.94585
0.0063013
0.64197
0.46101
0.82715
0.20728
0.56575
0.25989
0.90351
0.081839
0.69226
0.38836
0.77612
0.1628
0.54848
0.368
0.98415
0.032449
0.67789
0.49937
0.85184
0.23734
0.59776
0.29434
0.93211
0.11379
0.72226
0.41689
0.81051
0.15045
0.51281
0.31683
0.95653
0.028819
0.63532
0.44129
0.83295
0.20282
0.58656
0.2674
0.88161
0.070544
0.71796
0.39684
0.75128
0.17414
0.53639
0.35566
0.99525
0.052599
0.659
0.48021
0.87176
0.2265
0.61034
0.30621
0.92052
0.094127
0.74165
0.43556
0.79011
0.13956
0.52537
0.32864
0.94493
0.009172
0.65475
0.45998
0.81259
0.2142
0.57448
0.25509
0.89272
0.090676
0.69901
0.37766
0.77115
0.16566
0.56123
0.36695
0.96955
0.045097
0.6809
0.48467
0.85095
0.24621
0.60454
0.28369
0.92717
0.12068
0.73096
0.41206
0.79969
0.1456
0.50199
0.32371
0.96525
0.018147
0.63039
0.45016
0.83975
0.18814
0.58565
0.28006
0.8846
0.069502
0.70334
0.3997
0.76401
0.18184
0.54407
0.34797
0.98755
0.060302
0.66668
0.47253
0.86406
0.23394
0.61779
0.29876
0.91308
0.10157
0.74909
0.42811
0.78267
0.13139
0.51718
0.33684
0.9531
0.0010035
0.64656
0.46817
0.82076
0.20626
0.56655
0.26302
0.90066
0.082738
0.69108
0.38559
0.77909
0.15797
0.55353
0.37464
0.97724
0.037409
0.67321
0.49237
0.85863
0.23876
0.59711
0.29112
0.93463
0.11322
0.72353
0.4195
0.80714
0.15379
0.51017
0.31553
0.95707
0.02633
0.63857
0.44198
0.83156
0.19606
0.59359
0.27211
0.87668
0.077423
0.71129
0.39176
0.75609
0.1769
0.53341
0.35475
0.99643
0.049471
0.66185
0.48123
0.87095
0.21934
0.61673
0.3115
0.91593
0.10067
0.73439
0.43112
0.79531
0.13439
0.52984
0.33593
0.93841
0.013736
0.64943
0.45356
0.81972
0.21498
0.57343
0.25221
0.89582
0.089534
0.69994
0.38067
0.76842
0.17074
0.55642
0.36007
0.97622
0.040379
0.68583
0.49143
0.84391
0.24553
0.60593
0.28618
0.92392
0.12198
0.73042
0.40872
0.80232
0.143
0.50537
0.32427
0.96398
0.02137
0.62788
0.44874
0.8404
0.19514
0.57886
0.2751
0.88929
0.062865
0.71025
0.40454
0.75896
0.18711
0.53958
0.34569
0.99112
0.054776
0.67091
0.47506
0.86073
0.22866
0.62228
0.30104
0.90951
0.10709
0.74485
0.42557
0.78599
0.12807
0.51972
0.34108
0.94757
0.0045771
0.64428
0.46368
0.82604
0.20959
0.56402
0.25878
0.90619
0.079168
0.69337
0.39008
0.77381
0.16056
0.55027
0.36918
0.98154
0.035058
0.67672
0.49758
0.85408
0.23616
0.60037
0.29659
0.93033
0.11557
0.72001
0.41428
0.81169
0.14924
0.51539
0.31904
0.95472
0.030634
0.63311
0.43872
0.83416
0.20061
0.58838
0.2686
0.87903
0.073123
0.71675
0.39502
0.75349
0.17241
0.53869
0.35833
0.99414
0.053713
0.65632
0.47791
0.87349
0.22383
0.61146
0.30793
0.91822
0.096432
0.73992
0.43444
0.79278
0.13692
0.52652
0.3304
0.94265
0.011446
0.653
0.45883
0.81523
0.21244
0.57676
0.25773
0.89158
0.09182
0.69637
0.37539
0.77291
0.16747
0.55902
0.36437
0.97076
0.043892
0.68348
0.48688
0.84913
0.24879
0.60333
0.28188
0.92939
0.11847
0.73277
0.41327
0.79711
0.14821
0.50082
0.32192
0.96749
0.015904
0.63218
0.45133
0.83714
0.18992
0.58341
0.27745
0.88577
0.068327
0.70595
0.40194
0.76222
0.1806
0.54686
0.35016
0.98595
0.061904
0.66449
0.46974
0.8653
0.23176
0.6194
0.29999
0.91029
0.10436
0.74786
0.42651
0.78485
0.12924
0.51881
0.3381
0.95033
0.0037653
0.64529
0.46653
0.82291
0.20499
0.56931
0.26517
0.89903
0.084371
0.68893
0.38283
0.78036
0.1593
0.55083
0.37255
0.97894
0.035715
0.6753
0.49507
0.85731
0.24085
0.59541
0.2898
0.93733
0.11052
0.72485
0.42119
0.80505
0.15591
0.5085
0.31423
0.9598
0.023599
0.63987
0.44364
0.82944
0.19736
0.59086
0.26999
0.87834
0.07576
0.71341
0.39449
0.75479
0.17966
0.53215
0.35312
0.99858
0.047319
0.66348
0.4825
0.86819
0.22097
0.61458
0.30874
0.9172
0.099404
0.73716
0.43327
0.79368
0.13599
0.52766
0.33313
0.93965
0.0125
0.65222
0.45574
0.81811
0.21777
0.5722
0.25061
0.898
0.087352
0.70155
0.38191
0.76563
0.168
0.55772
0.36173
0.9741
0.0425
0.68417
0.49013
0.84664
0.24386
0.60805
0.28891
0.92262
0.12327
0.72769
0.4066
0.80399
0.1413
0.50746
0.32697
0.96266
0.022697
0.62518
0.44665
0.8421
0.19244
0.58019
0.27679
0.8872
0.064955
0.70856
0.40321
0.76166
0.18435
0.54281
0.34634
0.98996
0.057898
0.66831
0.47379
0.86155
0.22801
0.62345
0.30382
0.90628
0.10837
0.74404
0.42245
0.78859
0.12548
0.52288
0.34191
0.94634
0.0077565
0.64149
0.46247
0.82667
0.20875
0.56525
0.26137
0.90302
0.08038
0.69273
0.3869
0.7766
0.16329
0.54703
0.36849
0.9827
0.031955
0.67937
0.49887
0.85332
0.23686
0.59922
0.29386
0.93357
0.11428
0.72079
0.41738
0.80904
0.1519
0.51233
0.31828
0.95605
0.027344
0.63582
0.43982
0.83345
0.20136
0.58704
0.26594
0.88208
0.072015
0.71746
0.39831
0.75078
0.17561
0.53589
0.35713
0.99476
0.05114
0.65947
0.47875
0.87224
0.22502
0.61084
0.30473
0.92102
0.095583
0.74116
0.43701
0.78962
0.14006
0.5239
0.32914
0.94346
0.0086934
0.65621
0.4595
0.81405
0.2137
0.57596
0.2546
0.89419
0.091159
0.69755
0.37815
0.7697
0.1642
0.56171
0.36549
0.97003
0.046568
0.68041
0.48614
0.85045
0.24767
0.60406
0.28515
0.92669
0.11921
0.73145
0.41059
0.80018
0.14513
0.50345
0.32323
0.96671
0.018645
0.62892
0.45065
0.83828
0.18862
0.58419
0.28054
0.88314
0.069008
0.70481
0.39921
0.76548
0.18329
0.54359
0.34943
0.98707
0.058827
0.66717
0.47106
0.86456
0.23248
0.61827
0.2973
0.91356
0.10304
0.7486
0.42958
0.78217
0.13187
0.51573
0.33732
0.95164
0.00050938
0.64804
0.46767
0.82223
0.20578
0.56801
0.26254
0.90212
0.083236
0.68961
0.38609
0.77762
0.15649
0.55403
0.37317
0.97774
0.038864
0.67273
0.49382
0.85815
0.24023
0.59661
0.2926
0.93413
0.11176
0.724
0.41804
0.80762
0.15329
0.51164
0.31503
0.95854
0.026813
0.63712
0.44246
0.83011
0.19656
0.59212
0.27261
0.87521
0.076945
0.71274
0.39128
0.75755
0.17642
0.53487
0.35427
0.99788
0.049969
0.66038
0.48173
0.86948
0.21982
0.61528
0.31198
0.91447
0.10018
0.73587
0.43062
0.79678
0.13293
0.53032
0.33447
0.93889
0.015206
0.64893
0.45503
0.81922
0.21643
0.57295
0.25366
0.89534
0.08806
0.70044
0.3792
0.76892
0.17123
0.55495
0.36057
0.97475
0.039901
0.68729
0.49095
0.84537
0.24503
0.6074
0.28568
0.92539
0.12246
0.72897
0.4092
0.80087
0.14447
0.50487
0.32574
0.96349
0.019911
0.62836
0.44728
0.84088
0.19367
0.57935
0.27363
0.88978
0.06432
0.70977
0.406
0.75848
0.18564
0.54008
0.34421
0.99162
0.056235
0.67044
0.47652
0.86026
0.23013
0.62178
0.30252
0.90901
0.10564
0.74533
0.42412
0.78647
0.12757
0.52119
0.34058
0.94904
0.0050557
0.64282
0.46416
0.82458
0.21008
0.56255
0.25927
0.90471
0.078686
0.69483
0.3896
0.77527
0.16202
0.54979
0.37064
0.98106
0.033588
0.67722
0.49611
0.85458
0.23471
0.60085
0.29513
0.93081
0.11704
0.71952
0.41575
0.81119
0.14972
0.51393
0.31952
0.95326
0.030136
0.63458
0.43822
0.83563
0.20013
0.58983
0.26812
0.88048
0.073617
0.71528
0.39552
0.75202
0.17291
0.53722
0.35882
0.99267
0.053231
0.65778
0.47743
0.87494
0.22333
0.61293
0.30744
0.91969
0.09691
0.73846
0.43492
0.79132
0.13839
0.52602
0.33187
0.94216
0.0099903
0.65348
0.45738
0.81571
0.21097
0.57725
0.25626
0.89207
0.09328
0.69589
0.37685
0.77243
0.16699
0.56047
0.36389
0.97221
0.044386
0.68201
0.48738
0.84766
0.24927
0.60188
0.28235
0.92793
0.11797
0.73425
0.41277
0.79858
0.14676
0.5013
0.32046
0.96797
0.017379
0.63169
0.4528
0.83664
0.19138
0.58293
0.27891
0.88529
0.066856
0.70645
0.40047
0.76272
0.18108
0.5454
0.35064
0.98449
0.061406
0.66596
0.46924
0.86677
0.23127
0.62085
0.29951
0.91174
0.10485
0.74638
0.427
0.78337
0.1307
0.51834
0.33956
0.94986
0.0022946
0.64579
0.46506
0.82341
0.20354
0.5698
0.26372
0.89951
0.085845
0.68843
0.38431
0.77986
0.1588
0.5523
0.37206
0.98041
0.036194
0.67384
0.49555
0.85585
0.24134
0.59394
0.29029
0.93586
0.11004
0.72631
0.42071
0.80651
0.15444
0.509
0.31276
0.9603
0.025058
0.63939
0.4451
0.82896
0.19883
0.59037
0.27146
0.87785
0.074305
0.71389
0.39303
0.75527
0.1782
0.53263
0.35166
0.99906
0.048794
0.66299
0.48397
0.8677
0.22243
0.6141
0.3102
0.91672
0.097934
0.73765
0.4318
0.79417
0.13551
0.52912
0.33265
0.94111
0.012994
0.65075
0.45623
0.81664
0.21825
0.57074
0.25108
0.89654
0.086855
0.70302
0.38141
0.7671
0.16948
0.55722
0.3632
0.97361
0.041045
0.68465
0.48868
0.84713
0.24239
0.60855
0.28744
0.92312
0.12473
0.72721
0.40806
0.80351
0.1418
0.50598
0.32747
0.96118
0.022215
0.62663
0.44616
0.84355
0.19194
0.58166
0.2763
0.88867
0.065434
0.7071
0.40369
0.7602
0.1852
0.54171
0.34743
0.9891
0.056794
0.66917
0.47293
0.86265
0.22666
0.62406
0.3032
0.90763
0.10897
0.7427
0.42379
0.78798
0.12609
0.52155
0.34325
0.94574
0.006412
0.6421
0.46185
0.82802
0.20765
0.56611
0.26051
0.90412
0.081232
0.69164
0.388
0.77575
0.16243
0.54812
0.36739
0.98354
0.033056
0.67851
0.49973
0.85221
0.2382
0.5986
0.29448
0.93222
0.11367
0.72212
0.41604
0.80965
0.1513
0.51367
0.31695
0.95666
0.028693
0.6352
0.44044
0.8321
0.20247
0.58619
0.2668
0.88098
0.071166
0.71856
0.39722
0.75164
0.17451
0.53675
0.35628
0.99585
0.052001
0.65837
0.47986
0.87139
0.22564
0.60949
0.30608
0.9204
0.094246
0.74177
0.43641
0.79096
0.13872
0.52451
0.32853
0.94479
0.0093056
0.65486
0.46084
0.81343
0.21456
0.57485
0.2557
0.89333
0.090062
0.6984
0.37729
0.77079
0.16529
0.56086
0.36634
0.96894
0.045711
0.68151
0.48504
0.85131
0.24706
0.60541
0.2838
0.92731
0.12055
0.73085
0.4112
0.79884
0.14646
0.50284
0.32383
0.96537
0.018029
0.63027
0.4493
0.83889
0.18776
0.58529
0.27944
0.884
0.070101
0.70396
0.40006
0.76439
0.18244
0.54469
0.34833
0.98793
0.059924
0.66632
0.47191
0.86346
0.23382
0.61767
0.29791
0.91222
0.10243
0.74995
0.42823
0.78278
0.13126
0.51707
0.33597
0.95225
0.0018465
0.64743
0.46828
0.82089
0.20687
0.56716
0.26339
0.90102
0.082376
0.69071
0.38499
0.77848
0.15735
0.55293
0.37427
0.97688
0.037771
0.67358
0.49297
0.85925
0.23889
0.59722
0.29199
0.93547
0.11238
0.72266
0.41939
0.80701
0.15391
0.51029
0.31638
0.95792
0.025472
0.63772
0.44185
0.83144
0.19546
0.59297
0.27176
0.8763
0.077801
0.71164
0.39238
0.75669
0.17752
0.53401
0.35513
0.99678
0.049116
0.66147
0.48063
0.87033
0.21921
0.61662
0.31064
0.91508
0.10152
0.73525
0.43123
0.79543
0.13428
0.52971
0.33508
0.93755
0.014601
0.65027
0.45369
0.81983
0.21558
0.57405
0.25257
0.89619
0.089164
0.69958
0.38006
0.76782
0.17013
0.55581
0.3597
0.97585
0.040749
0.68619
0.49204
0.84452
0.24564
0.60606
0.28702
0.92479
0.12111
0.72958
0.40859
0.80221
0.14312
0.50548
0.32513
0.96483
0.020519
0.62702
0.44862
0.84028
0.19452
0.57826
0.27472
0.88893
0.06322
0.71063
0.40514
0.75958
0.18698
0.53947
0.34482
0.99028
0.055619
0.67178
0.47517
0.86087
0.22927
0.62288
0.30141
0.90987
0.10673
0.74448
0.42497
0.78537
0.12867
0.52034
0.34143
0.94795
0.0041995
0.64392
0.46306
0.82544
0.20947
0.56389
0.25793
0.90533
0.080027
0.69422
0.39021
0.77393
0.16068
0.55039
0.37003
0.9824
0.0342
0.67587
0.49746
0.85397
0.23556
0.59975
0.29623
0.92995
0.11595
0.72037
0.4149
0.81229
0.14863
0.51478
0.31867
0.95436
0.030997
0.63348
0.43932
0.83477
0.20074
0.58849
0.26947
0.87987
0.07228
0.71588
0.39491
0.75336
0.1723
0.53856
0.35748
0.99327
0.054579
0.65717
0.47804
0.8736
0.22443
0.61207
0.3083
0.91859
0.096062
0.73956
0.43383
0.79217
0.13754
0.52712
0.33078
0.94301
0.011091
0.65262
0.45823
0.81461
0.21232
0.57664
0.25687
0.89073
0.092671
0.69723
0.37551
0.77303
0.1676
0.55913
0.36523
0.97161
0.043041
0.68262
0.48677
0.849
0.24817
0.60274
0.2815
0.92903
0.11882
0.73315
0.41387
0.79773
0.14761
0.5002
0.32156
0.96712
0.016274
0.63254
0.45194
0.83774
0.19003
0.58354
0.27829
0.88664
0.067461
0.70511
0.40181
0.76211
0.17974
0.54602
0.35002
0.98584
0.062015
0.66463
0.47058
0.86616
0.23213
0.61976
0.30061
0.9109
0.10375
0.74724
0.42614
0.78448
0.12959
0.51919
0.3387
0.95096
0.0031435
0.6447
0.46616
0.82255
0.20414
0.56846
0.26505
0.8989
0.084497
0.68905
0.38369
0.78121
0.16015
0.55169
0.37267
0.97906
0.035589
0.67518
0.49421
0.85646
0.24049
0.59504
0.2892
0.93671
0.11114
0.72545
0.42157
0.80541
0.15554
0.50814
0.31362
0.95919
0.024205
0.64048
0.444
0.82981
0.19822
0.59171
0.27012
0.87845
0.07565
0.71327
0.39364
0.75392
0.17882
0.53128
0.35301
0.99844
0.047453
0.66359
0.48336
0.86903
0.22133
0.61495
0.30935
0.91781
0.09879
0.73655
0.4329
0.79331
0.13637
0.52802
0.33376
0.94025
0.011901
0.6516
0.45538
0.81774
0.21691
0.57135
0.25048
0.89788
0.087471
0.70167
0.38276
0.76649
0.16886
0.55857
0.36186
0.97422
0.042382
0.68404
0.48928
0.84578
0.24349
0.60769
0.28828
0.92202
0.12387
0.72831
0.40695
0.80436
0.14094
0.50709
0.32637
0.96204
0.023311
0.62579
0.44702
0.84246
0.19329
0.58105
0.2769
0.88733
0.064822
0.70845
0.40235
0.76082
0.18374
0.5422
0.34597
0.98959
0.058268
0.66868
0.47441
0.86216
0.22812
0.62358
0.30466
0.90715
0.1075
0.74319
0.42232
0.78848
0.1256
0.523
0.34277
0.94719
0.0069059
0.64063
0.46235
0.82654
0.20813
0.56465
0.26099
0.90266
0.080734
0.69311
0.3875
0.77722
0.16391
0.54763
0.36886
0.98305
0.0316
0.67899
0.49827
0.85269
0.23673
0.5991
0.29301
0.93272
0.11513
0.72164
0.4175
0.80917
0.15179
0.51219
0.31744
0.95519
0.02821
0.63666
0.43995
0.83356
0.20197
0.58766
0.2663
0.88245
0.071645
0.7171
0.39769
0.75018
0.17499
0.53529
0.35676
0.99439
0.051503
0.65984
0.47936
0.87286
0.22516
0.61095
0.3056
0.92186
0.09474
0.7403
0.4369
0.78949
0.14017
0.52403
0.32999
0.94432
0.0078351
0.65536
0.45937
0.81393
0.2131
0.57533
0.25424
0.89382
0.091536
0.69791
0.37877
0.7703
0.1648
0.56233
0.36585
0.97041
0.04619
0.68005
0.48552
0.84985
0.24755
0.60393
0.2843
0.92583
0.12006
0.7323
0.41071
0.8003
0.14499
0.50334
0.32236
0.96587
0.019488
0.62979
0.45076
0.83841
0.18924
0.5848
0.28091
0.8835
0.068645
0.70444
0.3986
0.76487
0.18293
0.54322
0.34882
0.98645
0.059442
0.66778
0.47143
0.86492
0.23332
0.61914
0.29741
0.91369
0.10291
0.74849
0.42871
0.78132
0.13273
0.51658
0.33744
0.95176
0.00039105
0.64791
0.46682
0.82137
0.2054
0.56766
0.26192
0.90152
0.083835
0.69023
0.38645
0.778
0.15687
0.55438
0.37379
0.97833
0.038265
0.6721
0.49347
0.85777
0.23937
0.59576
0.29247
0.93401
0.11188
0.72413
0.41889
0.80848
0.15245
0.51078
0.31492
0.95841
0.026946
0.63723
0.44333
0.83095
0.19692
0.59249
0.27322
0.87582
0.07633
0.71214
0.39091
0.75718
0.17605
0.53451
0.35366
0.99728
0.050575
0.66099
0.48209
0.86985
0.22069
0.61612
0.31212
0.91458
0.10007
0.73574
0.42978
0.79592
0.13378
0.53118
0.33459
0.93902
0.01508
0.64881
0.45417
0.81837
0.21608
0.57257
0.25306
0.89471
0.088682
0.70104
0.37957
0.76927
0.17159
0.55533
0.36116
0.97537
0.039279
0.68669
0.49057
0.84502
0.24418
0.60654
0.28556
0.92527
0.12259
0.72909
0.41006
0.80172
0.1436
0.50403
0.32561
0.96338
0.020021
0.62849
0.44812
0.84175
0.19404
0.57972
0.27424
0.89039
0.063714
0.70916
0.40563
0.75811
0.1865
0.54093
0.34434
0.99174
0.056116
0.67031
0.47567
0.8594
0.22975
0.62143
0.3019
0.90842
0.10623
0.74596
0.42447
0.78685
0.12721
0.52082
0.33997
0.94843
0.0056699
0.64342
0.46453
0.82494
0.21092
0.56341
0.25939
0.90484
0.078552
0.69471
0.38873
0.77443
0.16118
0.54892
0.37053
0.98093
0.033721
0.67733
0.49698
0.85543
0.23507
0.60122
0.29574
0.93142
0.11643
0.71891
0.41538
0.81083
0.1501
0.51428
0.32014
0.95386
0.029537
0.63396
0.43786
0.83525
0.19927
0.58898
0.26799
0.88036
0.073735
0.7154
0.39637
0.75288
0.17376
0.53808
0.35894
0.99279
0.053105
0.65766
0.47657
0.87409
0.22297
0.61255
0.30684
0.91907
0.097532
0.73906
0.4353
0.79167
0.13802
0.52566
0.33126
0.94155
0.010597
0.65409
0.45774
0.81608
0.21184
0.5781
0.25639
0.89218
0.093169
0.69576
0.37601
0.77156
0.16612
0.55963
0.36375
0.9721
0.044496
0.68214
0.48822
0.84852
0.24964
0.60224
0.28297
0.92853
0.11736
0.73363
0.41241
0.79821
0.14711
0.50168
0.32106
0.9686
0.016757
0.63109
0.45243
0.83629
0.19053
0.58207
0.27879
0.88517
0.066982
0.70656
0.40133
0.76357
0.18121
0.54552
0.35149
0.98534
0.060555
0.66511
0.46912
0.86664
0.23065
0.62025
0.29913
0.91139
0.10521
0.74676
0.4276
0.78399
0.13009
0.51772
0.3392
0.94949
0.0026646
0.64616
0.46568
0.82401
0.20365
0.56993
0.26456
0.90037
0.084979
0.68759
0.38417
0.77975
0.15869
0.55217
0.37121
0.97954
0.03706
0.67468
0.49568
0.85596
0.24195
0.59455
0.29065
0.93623
0.10967
0.72595
0.42009
0.8059
0.15506
0.5096
0.31314
0.96065
0.024703
0.63901
0.4445
0.82834
0.19871
0.59025
0.27061
0.87699
0.075156
0.71475
0.39315
0.7554
0.17832
0.53276
0.35252
0.99992
0.047935
0.66214
0.48385
0.86758
0.22183
0.61348
0.30984
0.91634
0.098311
0.73801
0.43242
0.79477
0.13489
0.52851
0.33228
0.94074
0.013356
0.65112
0.45684
0.81725
0.21838
0.57085
0.25195
0.89738
0.086012
0.70215
0.3813
0.76697
0.16934
0.55711
0.36234
0.97276
0.041888
0.68551
0.48879
0.84726
0.24301
0.60915
0.28781
0.92348
0.12437
0.72684
0.40745
0.80289
0.1424
0.5066
0.32782
0.96156
0.021837
0.62628
0.44554
0.84295
0.19183
0.58153
0.27545
0.88781
0.066292
0.70795
0.40382
0.76032
0.18472
0.54122
0.34695
0.98861
0.057293
0.66965
0.47343
0.86313
0.22714
0.62456
0.30368
0.90813
0.10848
0.74222
0.4233
0.78751
0.12658
0.52202
0.34374
0.94622
0.0059286
0.64161
0.46137
0.82752
0.20715
0.56563
0.26001
0.90364
0.081713
0.69214
0.38847
0.77624
0.16293
0.5486
0.36789
0.98403
0.032576
0.67801
0.49925
0.85172
0.23771
0.59812
0.29398
0.93174
0.11416
0.72262
0.41653
0.81014
0.15082
0.51317
0.31646
0.95616
0.029188
0.63568
0.44093
0.83258
0.20295
0.58668
0.26728
0.88148
0.070668
0.71807
0.39672
0.75115
0.17402
0.53626
0.35578
0.99537
0.05248
0.65887
0.48034
0.87188
0.22613
0.60997
0.30658
0.92088
0.093762
0.74127
0.43593
0.79047
0.1392
0.525
0.32902
0.94529
0.0088105
0.65438
0.46035
0.81295
0.21408
0.57436
0.25522
0.89284
0.09056
0.69889
0.37779
0.77127
0.16577
0.56135
0.36682
0.96943
0.045212
0.68103
0.48454
0.85083
0.24658
0.60491
0.28332
0.92681
0.12104
0.73133
0.41169
0.79932
0.14597
0.50237
0.32334
0.96489
0.018512
0.63077
0.44979
0.83939
0.18826
0.58578
0.27993
0.88448
0.06962
0.70347
0.39958
0.76389
0.18195
0.54419
0.34785
0.98743
0.060418
0.6668
0.47241
0.86394
0.2343
0.61816
0.29839
0.91272
0.10193
0.74946
0.42774
0.7823
0.13176
0.51755
0.33647
0.95273
0.0013693
0.64693
0.4678
0.82039
0.20638
0.56668
0.2629
0.90054
0.082858
0.69121
0.38547
0.77898
0.15785
0.55341
0.37477
0.97736
0.03729
0.67308
0.49249
0.85875
0.23839
0.59673
0.29149
0.93499
0.11286
0.72315
0.41987
0.8075
0.15343
0.5098
0.3159
0.95743
0.025969
0.6382
0.44235
0.83193
0.19595
0.59347
0.27224
0.8768
0.077308
0.71116
0.39188
0.7562
0.17702
0.53353
0.35464
0.9963
0.049597
0.66197
0.48112
0.87083
0.21971
0.6171
0.31114
0.91556
0.10104
0.73476
0.43075
0.79494
0.13476
0.53021
0.33556
0.93804
0.014104
0.64979
0.45319
0.81934
0.2151
0.57355
0.25209
0.89569
0.089657
0.70006
0.38055
0.7683
0.17061
0.5563
0.36019
0.97635
0.040256
0.68571
0.49155
0.84404
0.24516
0.60557
0.28654
0.92429
0.12161
0.73006
0.40908
0.8027
0.14262
0.505
0.32463
0.96435
0.020996
0.62751
0.4491
0.84077
0.19502
0.57874
0.27522
0.88941
0.062738
0.71013
0.40466
0.75908
0.18748
0.53995
0.34532
0.99076
0.055141
0.67129
0.4747
0.86037
0.22878
0.6224
0.30092
0.90939
0.10721
0.74498
0.42545
0.78587
0.12818
0.51984
0.34095
0.94745
0.0046927
0.6444
0.46356
0.82592
0.20995
0.56439
0.25841
0.90582
0.079531
0.69374
0.38971
0.77345
0.1602
0.5499
0.36955
0.98191
0.034697
0.67635
0.49796
0.85445
0.23605
0.60025
0.29671
0.93044
0.11546
0.71989
0.4144
0.81181
0.14912
0.51526
0.31916
0.95483
0.030515
0.63298
0.43884
0.83427
0.20025
0.58801
0.26897
0.87939
0.072758
0.71638
0.39539
0.75385
0.17278
0.53906
0.35796
0.99377
0.054082
0.65669
0.47754
0.87312
0.22395
0.61157
0.30781
0.91809
0.096554
0.74004
0.43432
0.79265
0.13705
0.52664
0.33028
0.94253
0.011572
0.65312
0.45872
0.81511
0.21281
0.57712
0.25737
0.89121
0.092193
0.69674
0.37503
0.77254
0.1671
0.55865
0.36473
0.97113
0.043518
0.68312
0.48724
0.8495
0.24867
0.60322
0.28199
0.92951
0.11834
0.73266
0.41338
0.79723
0.14809
0.5007
0.32204
0.96762
0.015781
0.63206
0.45145
0.83726
0.18955
0.58304
0.27781
0.88615
0.067957
0.70559
0.40231
0.7626
0.18023
0.5465
0.35052
0.98632
0.061532
0.66413
0.4701
0.86567
0.23163
0.61928
0.30011
0.91041
0.10423
0.74774
0.42662
0.78497
0.12912
0.5187
0.33822
0.95046
0.0036429
0.64518
0.46665
0.82303
0.20462
0.56895
0.26554
0.8994
0.084002
0.68857
0.3832
0.78073
0.15967
0.55119
0.37219
0.97856
0.036085
0.67566
0.4947
0.85693
0.24097
0.59553
0.28968
0.9372
0.11065
0.72497
0.42107
0.80493
0.15604
0.50862
0.31412
0.95967
0.023726
0.63999
0.44353
0.82932
0.19773
0.59123
0.26963
0.87797
0.076133
0.71377
0.39413
0.75442
0.1793
0.53178
0.35349
0.99894
0.046957
0.66311
0.48287
0.86856
0.22085
0.61446
0.30887
0.91732
0.099288
0.73703
0.43339
0.7938
0.13587
0.52754
0.33326
0.93977
0.01238
0.65209
0.45586
0.81823
0.2174
0.57182
0.25097
0.89836
0.086987
0.70117
0.38228
0.76599
0.16837
0.55809
0.36136
0.97374
0.042865
0.68454
0.48976
0.84628
0.24398
0.60818
0.28878
0.92251
0.12339
0.72782
0.40647
0.80387
0.14142
0.50758
0.32684
0.96254
0.022812
0.6253
0.44652
0.84198
0.1928
0.58056
0.27642
0.88683
0.065317
0.70893
0.40284
0.7613
0.18422
0.54269
0.34645
0.99008
0.057771
0.6682
0.47391
0.86168
0.22764
0.62308
0.30418
0.90665
0.10799
0.74367
0.42281
0.78896
0.12511
0.52252
0.34227
0.94672
0.0073878
0.64113
0.46283
0.82704
0.20863
0.56513
0.26149
0.90314
0.080257
0.69262
0.38702
0.77672
0.16341
0.54714
0.36837
0.98257
0.032078
0.67948
0.49875
0.85319
0.23723
0.59958
0.2935
0.9332
0.11465
0.72115
0.41702
0.80867
0.15227
0.51269
0.31792
0.95568
0.027717
0.63618
0.43946
0.83308
0.20149
0.58716
0.26582
0.88196
0.072142
0.71758
0.39819
0.75066
0.17549
0.53577
0.35725
0.99488
0.051025
0.65935
0.47888
0.87236
0.22466
0.61047
0.30511
0.92138
0.095221
0.74079
0.43738
0.78999
0.13969
0.52353
0.32951
0.94382
0.0083278
0.65584
0.45987
0.81441
0.21358
0.57583
0.25472
0.89431
0.091039
0.69743
0.37827
0.76981
0.16432
0.56184
0.36537
0.96992
0.046686
0.68053
0.48602
0.85033
0.24803
0.60443
0.28478
0.92633
0.11957
0.73183
0.41022
0.79982
0.14549
0.50382
0.32285
0.96634
0.019006
0.62929
0.45028
0.83791
0.18874
0.58432
0.28041
0.88302
0.069122
0.70494
0.39908
0.76536
0.18341
0.54371
0.34931
0.98695
0.058947
0.6673
0.47094
0.86444
0.23285
0.61864
0.29693
0.9132
0.1034
0.74897
0.42921
0.78181
0.13223
0.5161
0.33695
0.95127
0.00087159
0.6484
0.4673
0.82187
0.2059
0.56813
0.26241
0.902
0.083352
0.68973
0.38597
0.7775
0.15638
0.55391
0.3733
0.97785
0.03875
0.6726
0.49395
0.85827
0.23987
0.59624
0.29297
0.9345
0.1114
0.72364
0.41841
0.80799
0.15293
0.51127
0.3154
0.9589
0.026448
0.63674
0.44283
0.83047
0.19644
0.592
0.27273
0.87532
0.076826
0.71262
0.3914
0.75766
0.17654
0.53499
0.35415
0.99776
0.050091
0.66049
0.48161
0.86936
0.22019
0.61564
0.31162
0.9141
0.10055
0.73623
0.43026
0.79641
0.1333
0.53069
0.3341
0.93853
0.015578
0.6493
0.45466
0.81885
0.21656
0.57307
0.25355
0.89521
0.088187
0.70056
0.37908
0.76879
0.17111
0.55483
0.36068
0.97487
0.039773
0.68717
0.49107
0.84549
0.24466
0.60704
0.28604
0.92576
0.12209
0.7286
0.40956
0.80124
0.1441
0.50451
0.32611
0.96386
0.019541
0.628
0.44764
0.84125
0.19355
0.57924
0.27374
0.88991
0.064197
0.70966
0.40611
0.7586
0.18601
0.54045
0.34384
0.99125
0.056596
0.6708
0.47615
0.85989
0.23025
0.62191
0.30239
0.90889
0.10575
0.74546
0.42399
0.78635
0.12769
0.52131
0.34046
0.94893
0.0051753
0.64294
0.46404
0.82446
0.21045
0.56292
0.25891
0.90435
0.079052
0.6952
0.38923
0.77491
0.16166
0.54942
0.37101
0.98142
0.033223
0.67684
0.49648
0.85494
0.23459
0.60072
0.29525
0.93092
0.11693
0.71939
0.41588
0.81131
0.1496
0.5138
0.31965
0.95338
0.030021
0.63446
0.43835
0.83575
0.19977
0.58946
0.26849
0.88085
0.073256
0.71491
0.39589
0.75238
0.17328
0.53759
0.35846
0.9923
0.053604
0.65815
0.47706
0.87458
0.22346
0.61305
0.30732
0.91957
0.097036
0.73858
0.43481
0.79119
0.13852
0.52614
0.33175
0.94203
0.010113
0.6536
0.45726
0.81558
0.21134
0.57762
0.25589
0.8917
0.093648
0.69625
0.37648
0.77206
0.16662
0.56011
0.36425
0.97259
0.044016
0.68165
0.48774
0.84803
0.24915
0.60176
0.28247
0.92805
0.11785
0.73413
0.41289
0.7987
0.14663
0.50118
0.32058
0.9681
0.017251
0.63157
0.45292
0.83677
0.19101
0.58256
0.27927
0.88566
0.066483
0.70608
0.40083
0.76309
0.18071
0.54504
0.351
0.98486
0.061038
0.6656
0.46961
0.86714
0.23115
0.62073
0.29963
0.91187
0.10473
0.74627
0.42712
0.7835
0.13057
0.51822
0.33968
0.94998
0.0021686
0.64567
0.46518
0.82353
0.20316
0.56943
0.26408
0.89988
0.085473
0.68807
0.38467
0.78023
0.15917
0.55267
0.3717
0.98004
0.036568
0.6742
0.49518
0.85548
0.24147
0.59406
0.29018
0.93573
0.11017
0.72643
0.42059
0.80638
0.15456
0.50912
0.31264
0.96017
0.025182
0.6395
0.44498
0.82884
0.1992
0.59073
0.2711
0.87747
0.074674
0.71425
0.39267
0.7549
0.17784
0.53226
0.35203
0.99942
0.048428
0.66261
0.48434
0.86806
0.22231
0.61398
0.31032
0.91683
0.097814
0.73753
0.43192
0.79429
0.13539
0.529
0.33278
0.94123
0.012877
0.65062
0.45636
0.81676
0.21789
0.57037
0.25146
0.89691
0.086493
0.70265
0.38178
0.76747
0.16984
0.55759
0.36283
0.97324
0.041406
0.68502
0.4883
0.84676
0.24251
0.60867
0.28731
0.923
0.12485
0.72734
0.40793
0.80339
0.14192
0.50611
0.32734
0.96107
0.022333
0.62676
0.44604
0.84344
0.19231
0.58203
0.27593
0.8883
0.065799
0.70747
0.40332
0.75984
0.18533
0.54183
0.34731
0.98898
0.056922
0.66929
0.47282
0.86253
0.22703
0.62442
0.30284
0.90726
0.10934
0.74306
0.42343
0.78762
0.12645
0.5219
0.34289
0.94537
0.0067792
0.64246
0.46149
0.82765
0.20778
0.56622
0.26039
0.90399
0.081358
0.69176
0.38788
0.77562
0.16231
0.548
0.36751
0.98367
0.032931
0.67839
0.49985
0.85234
0.23783
0.59824
0.29484
0.93259
0.11331
0.72176
0.41641
0.81002
0.15093
0.5133
0.31731
0.95703
0.028322
0.63484
0.4408
0.83247
0.20234
0.58606
0.26692
0.88111
0.071038
0.71843
0.39733
0.75176
0.17463
0.53687
0.35615
0.99573
0.052118
0.6585
0.47973
0.87127
0.226
0.60986
0.30571
0.92004
0.094605
0.74214
0.43604
0.7906
0.13908
0.52488
0.32817
0.94443
0.0096687
0.65523
0.46048
0.81307
0.21468
0.57498
0.25557
0.89322
0.090182
0.69853
0.37717
0.77067
0.16517
0.56073
0.36647
0.96906
0.04559
0.68138
0.48517
0.85143
0.24669
0.60504
0.28417
0.92767
0.12018
0.73048
0.41156
0.7992
0.1461
0.50248
0.3242
0.96573
0.017669
0.6299
0.44967
0.83925
0.18764
0.58517
0.27956
0.88412
0.069983
0.70384
0.40018
0.76451
0.18232
0.54456
0.34846
0.98805
0.059804
0.66619
0.47204
0.86358
0.23346
0.6173
0.29828
0.91258
0.10206
0.74957
0.4286
0.78314
0.1309
0.5167
0.33634
0.95262
0.0014876
0.64706
0.46865
0.82125
0.20676
0.56703
0.26352
0.90114
0.082259
0.69058
0.38512
0.7786
0.15747
0.55305
0.37415
0.97676
0.037889
0.6737
0.49284
0.85913
0.23925
0.59758
0.29162
0.93511
0.11274
0.72303
0.41902
0.80665
0.15427
0.51066
0.31601
0.95756
0.025836
0.63809
0.44149
0.83108
0.19558
0.5931
0.27163
0.87618
0.077922
0.71177
0.39225
0.75657
0.17739
0.5339
0.35525
0.99691
0.04899
0.66135
0.48075
0.87046
0.21884
0.61626
0.31101
0.91545
0.10115
0.73489
0.4316
0.79581
0.1339
0.52935
0.33544
0.93792
0.01423
0.64991
0.45405
0.82019
0.21545
0.57393
0.25269
0.89631
0.089035
0.69946
0.38017
0.76794
0.17026
0.55593
0.35959
0.97573
0.040877
0.68631
0.49193
0.84439
0.24601
0.60643
0.28666
0.92442
0.12148
0.72994
0.40823
0.80185
0.14349
0.50584
0.32477
0.96446
0.020886
0.62738
0.44825
0.83991
0.19465
0.57838
0.2746
0.8888
0.063344
0.71075
0.40502
0.75945
0.18662
0.5391
0.34519
0.99064
0.055259
0.67141
0.47555
0.86123
0.22916
0.62276
0.30154
0.90999
0.10661
0.74436
0.42509
0.7855
0.12854
0.52021
0.34156
0.94807
0.0040784
0.64379
0.46319
0.82555
0.2091
0.56352
0.2583
0.90569
0.079664
0.69385
0.39058
0.77429
0.16104
0.55076
0.36966
0.98204
0.034564
0.67624
0.49709
0.85361
0.23568
0.59988
0.29611
0.92983
0.11607
0.7205
0.41477
0.81217
0.14874
0.51491
0.31854
0.95424
0.031114
0.6336
0.43919
0.83465
0.2011
0.58886
0.2691
0.87951
0.07264
0.71625
0.39454
0.753
0.17193
0.5382
0.35784
0.99364
0.054208
0.6568
0.4784
0.87397
0.2243
0.61195
0.30841
0.91871
0.095932
0.73944
0.43395
0.7923
0.13741
0.527
0.3309
0.94314
0.010966
0.6525
0.45835
0.81474
0.21195
0.57628
0.25723
0.8911
0.092303
0.69687
0.37587
0.77341
0.16797
0.55949
0.36487
0.97124
0.043408
0.68298
0.4864
0.84863
0.2483
0.60285
0.28138
0.9289
0.11895
0.73327
0.41375
0.7976
0.14773
0.50032
0.32144
0.967
0.016403
0.63266
0.45183
0.83762
0.19041
0.5839
0.27793
0.88627
0.067831
0.70547
0.40145
0.76175
0.1801
0.54638
0.34966
0.98547
0.062383
0.66499
0.47022
0.86579
0.23225
0.61987
0.30049
0.91077
0.10388
0.74736
0.42602
0.78435
0.12972
0.51931
0.33858
0.95083
0.0032729
0.64482
0.46604
0.82243
0.20451
0.56882
0.26469
0.89853
0.084868
0.68941
0.38333
0.78084
0.15978
0.55133
0.37303
0.97943
0.035219
0.67482
0.49457
0.85682
0.24036
0.59491
0.28932
0.93683
0.11102
0.72533
0.42169
0.80553
0.15541
0.50802
0.31374
0.95932
0.024081
0.64036
0.44413
0.82994
0.19786
0.59135
0.27049
0.87882
0.075283
0.71291
0.39401
0.75429
0.17918
0.53165
0.35264
0.99808
0.047816
0.66396
0.483
0.86867
0.22145
0.61508
0.30922
0.91769
0.098911
0.73668
0.43277
0.7932
0.13648
0.52814
0.33363
0.94013
0.012017
0.65172
0.45525
0.81762
0.21727
0.57171
0.25011
0.89752
0.08783
0.70204
0.38239
0.76613
0.1685
0.5582
0.36223
0.97458
0.042022
0.68367
0.48965
0.84615
0.24337
0.60757
0.28841
0.92215
0.12375
0.72819
0.40708
0.80449
0.14082
0.50696
0.32649
0.96216
0.02319
0.62566
0.44714
0.84258
0.19292
0.58068
0.27727
0.88769
0.064458
0.70808
0.40271
0.76118
0.18387
0.54231
0.34585
0.98946
0.058393
0.66879
0.47429
0.86203
0.22849
0.62394
0.3043
0.90678
0.10787
0.74355
0.42196
0.78811
0.12598
0.52336
0.34241
0.94683
0.0072772
0.64099
0.46199
0.82617
0.20826
0.56477
0.26087
0.90254
0.080864
0.69323
0.38738
0.77709
0.16378
0.5475
0.36898
0.98317
0.031472
0.67887
0.49839
0.85282
0.23636
0.59874
0.29337
0.93309
0.11476
0.72128
0.41786
0.80954
0.15142
0.51183
0.3178
0.95556
0.027843
0.6363
0.44032
0.83393
0.20185
0.58754
0.26642
0.88258
0.071521
0.71698
0.39782
0.7503
0.17511
0.53542
0.35663
0.99428
0.051624
0.65997
0.47923
0.87274
0.22552
0.61132
0.30523
0.9215
0.095102
0.74067
0.43653
0.78913
0.14053
0.5244
0.32962
0.94395
0.0081942
0.65573
0.459
0.81357
0.21322
0.57546
0.25411
0.8937
0.091653
0.69803
0.37864
0.77018
0.16468
0.56221
0.36597
0.97053
0.046072
0.67993
0.48565
0.84997
0.24719
0.60356
0.28467
0.9262
0.1197
0.73194
0.41109
0.80066
0.14463
0.50297
0.32273
0.96623
0.019124
0.62942
0.45113
0.83877
0.18911
0.58467
0.28103
0.88362
0.068524
0.70432
0.39872
0.76499
0.18281
0.54309
0.34895
0.98658
0.059325
0.66765
0.47156
0.86504
0.23296
0.61877
0.29778
0.91406
0.10255
0.74812
0.42908
0.78169
0.13237
0.51621
0.33781
0.95212
2.8585e-05
0.64754
0.46719
0.82173
0.20528
0.56753
0.26204
0.90164
0.083714
0.6901
0.38657
0.77812
0.15699
0.55451
0.37367
0.97822
0.038387
0.67223
0.49334
0.85766
0.23973
0.59613
0.2921
0.93365
0.11225
0.7245
0.41852
0.80812
0.15281
0.51114
0.31455
0.95804
0.027306
0.63759
0.44296
0.83059
0.19704
0.59262
0.27309
0.8757
0.076448
0.71226
0.39078
0.75706
0.17592
0.53439
0.35378
0.9974
0.050446
0.66087
0.48221
0.86998
0.22032
0.61576
0.31248
0.91495
0.099695
0.73537
0.43014
0.79628
0.13341
0.53082
0.33495
0.93939
0.014712
0.64845
0.45453
0.81874
0.21595
0.57246
0.25318
0.89484
0.088557
0.70092
0.3797
0.7694
0.17171
0.55544
0.36104
0.97524
0.039403
0.68681
0.49045
0.84489
0.24455
0.6069
0.2852
0.9249
0.12295
0.72945
0.4097
0.80135
0.14397
0.50439
0.32525
0.96301
0.020392
0.62886
0.44776
0.84138
0.19417
0.57984
0.27412
0.89026
0.063842
0.70928
0.40552
0.75798
0.18614
0.54056
0.34471
0.9921
0.055753
0.66994
0.47604
0.85976
0.22963
0.6213
0.30202
0.90853
0.10611
0.74583
0.4246
0.78697
0.12709
0.52069
0.3401
0.94855
0.0055529
0.6433
0.46466
0.82506
0.21056
0.56304
0.25976
0.90521
0.078194
0.69435
0.38911
0.77479
0.16154
0.54929
0.37016
0.98057
0.034081
0.67769
0.49661
0.85506
0.23519
0.60135
0.29561
0.9313
0.11655
0.71904
0.41525
0.81071
0.15022
0.51441
0.32002
0.95374
0.029659
0.63409
0.43774
0.83513
0.19963
0.58935
0.26763
0.88
0.074099
0.71577
0.396
0.75252
0.17339
0.53772
0.3593
0.99316
0.052738
0.6573
0.47693
0.87446
0.22285
0.61243
0.30696
0.9192
0.097406
0.73894
0.43542
0.7918
0.13789
0.52554
0.33138
0.94168
0.010468
0.65397
0.45786
0.81621
0.21147
0.57773
0.25675
0.89255
0.092797
0.69539
0.37637
0.77193
0.16649
0.55999
0.36339
0.97174
0.044867
0.68251
0.48786
0.84816
0.24977
0.60236
0.28285
0.92841
0.11749
0.73375
0.41229
0.79808
0.14724
0.50179
0.32094
0.96847
0.016881
0.6312
0.4523
0.83616
0.1909
0.58243
0.27842
0.8848
0.067349
0.70693
0.40097
0.7632
0.18158
0.54589
0.35114
0.98497
0.060927
0.66547
0.46876
0.86628
0.23078
0.62037
0.29902
0.91126
0.10534
0.74688
0.42748
0.78387
0.13022
0.51784
0.33908
0.94936
0.0027904
0.64627
0.46556
0.82388
0.20401
0.57029
0.2642
0.9
0.085347
0.68795
0.38381
0.77938
0.15832
0.55181
0.37158
0.97991
0.036694
0.67432
0.49604
0.85633
0.24182
0.59443
0.29078
0.93635
0.10955
0.72583
0.42022
0.80603
0.15493
0.50948
0.31326
0.96077
0.024575
0.63889
0.44462
0.82847
0.19834
0.58989
0.27097
0.87736
0.074785
0.71438
0.39351
0.75576
0.17868
0.53312
0.35214
0.99956
0.048294
0.6625
0.48348
0.86722
0.22195
0.61361
0.30972
0.91622
0.098428
0.73813
0.43229
0.79465
0.13501
0.52864
0.33216
0.94063
0.013476
0.65125
0.45671
0.81714
0.21874
0.57122
0.25158
0.89703
0.086375
0.70252
0.38093
0.76661
0.16898
0.55674
0.36271
0.97312
0.041524
0.68514
0.48916
0.84762
0.24289
0.60902
0.28793
0.9236
0.12425
0.72672
0.40757
0.80301
0.14228
0.50648
0.32795
0.96168
0.021719
0.62615
0.44567
0.84307
0.19147
0.58117
0.27582
0.88817
0.065933
0.70758
0.40419
0.76068
0.18494
0.54145
0.34669
0.98835
0.057547
0.66992
0.4732
0.86291
0.22742
0.6248
0.30347
0.90789
0.10872
0.74243
0.42305
0.78723
0.12681
0.52226
0.34348
0.94596
0.0061853
0.64187
0.46114
0.82729
0.20743
0.56587
0.25979
0.9034
0.081952
0.69235
0.38823
0.77597
0.16266
0.54835
0.36811
0.98427
0.032337
0.67779
0.4995
0.85199
0.23748
0.59789
0.29425
0.932
0.1139
0.72236
0.41676
0.81037
0.15054
0.51292
0.31668
0.9564
0.028947
0.63546
0.44118
0.83285
0.20272
0.58645
0.26754
0.88173
0.070413
0.71781
0.39695
0.75138
0.17428
0.53652
0.35555
0.99514
0.052712
0.65909
0.48008
0.87162
0.22635
0.61021
0.30631
0.92064
0.094011
0.74154
0.43568
0.79025
0.13946
0.52526
0.32879
0.94506
0.0090439
0.65461
0.46009
0.81269
0.2143
0.5746
0.25495
0.89259
0.090807
0.69916
0.37755
0.77106
0.16556
0.56111
0.36709
0.96968
0.044965
0.68076
0.48478
0.85104
0.24631
0.60465
0.28354
0.92704
0.12081
0.7311
0.41195
0.79959
0.14575
0.50212
0.32361
0.96514
0.018263
0.6305
0.45003
0.8396
0.188
0.58552
0.28016
0.88471
0.069389
0.70324
0.39983
0.76416
0.18172
0.54397
0.3481
0.98769
0.060155
0.66654
0.47263
0.86417
0.23405
0.61789
0.29863
0.91293
0.10171
0.74922
0.42801
0.78255
0.13152
0.51733
0.33672
0.953
0.0011049
0.64668
0.46803
0.82063
0.20613
0.56641
0.26314
0.90076
0.082641
0.69097
0.38574
0.77922
0.1581
0.55368
0.37453
0.97714
0.037507
0.67332
0.49222
0.8585
0.23863
0.59696
0.29124
0.93473
0.11312
0.72341
0.41964
0.80727
0.15367
0.51007
0.31566
0.95721
0.026187
0.63844
0.44208
0.83168
0.19618
0.59369
0.27198
0.87653
0.077571
0.71142
0.39166
0.75597
0.17677
0.53327
0.35487
0.99653
0.049373
0.66174
0.48138
0.87109
0.21947
0.61688
0.31139
0.91583
0.10077
0.73451
0.43097
0.79518
0.1345
0.52994
0.33579
0.93827
0.013878
0.64956
0.45345
0.8196
0.21486
0.57333
0.25233
0.89596
0.089387
0.69981
0.38077
0.76854
0.17085
0.55652
0.35994
0.97608
0.040526
0.68596
0.49133
0.8438
0.24541
0.60583
0.28631
0.92407
0.12183
0.7303
0.40882
0.80244
0.14287
0.50522
0.32438
0.96408
0.021268
0.62776
0.44888
0.84053
0.19527
0.579
0.27498
0.88918
0.062962
0.71037
0.40439
0.75883
0.18725
0.53973
0.34557
0.99102
0.054877
0.67103
0.47492
0.86061
0.22853
0.62213
0.30116
0.90961
0.10699
0.74474
0.42572
0.78612
0.12795
0.51962
0.34121
0.94772
0.0044306
0.64414
0.46378
0.82615
0.2097
0.56412
0.25865
0.90604
0.079312
0.6935
0.38998
0.7737
0.16045
0.55017
0.36931
0.98169
0.034916
0.67659
0.49768
0.8542
0.23628
0.60047
0.29646
0.93018
0.11572
0.72014
0.41418
0.81158
0.14937
0.51553
0.31893
0.95462
0.030732
0.63322
0.43857
0.83403
0.20048
0.58823
0.26872
0.87912
0.073022
0.71663
0.39517
0.75362
0.17252
0.53879
0.35819
0.99399
0.053856
0.65645
0.47781
0.87337
0.22371
0.61136
0.30806
0.91836
0.096284
0.73979
0.43454
0.79289
0.13679
0.52637
0.33052
0.94276
0.011348
0.65289
0.45898
0.81536
0.21257
0.5769
0.25762
0.89148
0.091921
0.69649
0.37525
0.77278
0.16734
0.55887
0.36448
0.97086
0.04379
0.68337
0.48703
0.84926
0.24892
0.60348
0.28176
0.92928
0.11857
0.73289
0.41312
0.79698
0.14833
0.50092
0.32179
0.96735
0.016051
0.63231
0.45123
0.83702
0.18981
0.58331
0.27758
0.88592
0.068183
0.70582
0.40204
0.76234
0.18046
0.54673
0.35025
0.98606
0.061788
0.66439
0.46987
0.86544
0.2319
0.61952
0.29989
0.91017
0.10447
0.74796
0.42637
0.7847
0.12934
0.51893
0.33796
0.95021
0.0038973
0.64544
0.46642
0.82281
0.20489
0.5692
0.26532
0.89916
0.084244
0.68878
0.38295
0.78046
0.15939
0.55095
0.37241
0.9788
0.035843
0.67544
0.49495
0.85721
0.24075
0.5953
0.28994
0.93746
0.11039
0.72471
0.4213
0.80515
0.15577
0.50838
0.31433
0.95991
0.023487
0.63977
0.44377
0.82959
0.1975
0.59099
0.26989
0.87823
0.075877
0.71351
0.39436
0.75465
0.17956
0.53204
0.35327
0.99871
0.047191
0.66334
0.48261
0.86829
0.22107
0.6147
0.3086
0.91707
0.099535
0.7373
0.43315
0.79358
0.13613
0.52779
0.33303
0.93953
0.012612
0.65232
0.45561
0.81797
0.21762
0.57207
0.2507
0.89811
0.087236
0.70144
0.38203
0.76577
0.16815
0.55785
0.36163
0.97399
0.042616
0.68427
0.49
0.8465
0.24372
0.60792
0.28901
0.92274
0.12316
0.7276
0.40673
0.80413
0.1412
0.50734
0.32711
0.96278
0.022565
0.62503
0.44676
0.84219
0.19254
0.5803
0.27665
0.88706
0.065083
0.7087
0.4031
0.76156
0.18446
0.54291
0.3462
0.98981
0.058041
0.66844
0.47369
0.86144
0.2279
0.62335
0.30394
0.90643
0.10822
0.74391
0.42255
0.7887
0.12535
0.52274
0.34202
0.94644
0.0076598
0.64138
0.46261
0.8268
0.20888
0.56539
0.26125
0.90292
0.080481
0.69285
0.38676
0.77647
0.16316
0.54688
0.3686
0.98279
0.031855
0.67925
0.49902
0.85344
0.23699
0.59936
0.29375
0.93347
0.11438
0.7209
0.41724
0.80891
0.15202
0.51243
0.31816
0.95591
0.027492
0.63595
0.43972
0.83334
0.20125
0.58694
0.26607
0.88223
0.071872
0.71733
0.39841
0.7509
0.17574
0.53604
0.35701
0.99466
0.051241
0.65959
0.47861
0.87212
0.22489
0.61069
0.30485
0.92112
0.095485
0.74105
0.43716
0.78976
0.13994
0.5238
0.32927
0.9436
0.0085459
0.65608
0.4596
0.81416
0.21381
0.57605
0.25446
0.89405
0.091301
0.69768
0.37805
0.76958
0.16408
0.56161
0.36562
0.97018
0.046424
0.68028
0.48624
0.85057
0.24779
0.60416
0.28502
0.92655
0.11935
0.73159
0.41049
0.80007
0.14525
0.50359
0.32311
0.96661
0.018742
0.62904
0.45051
0.83814
0.18849
0.58405
0.28065
0.88324
0.068906
0.7047
0.39935
0.76561
0.1832
0.54348
0.34958
0.9872
0.0587
0.66703
0.47117
0.86466
0.23258
0.61839
0.29716
0.91343
0.10317
0.74874
0.42947
0.78207
0.13202
0.51585
0.33722
0.95152
0.00062246
0.64813
0.46754
0.82208
0.20563
0.56788
0.26264
0.90223
0.08312
0.68951
0.38622
0.77776
0.15664
0.55416
0.37307
0.97762
0.038981
0.67283
0.49369
0.85801
0.24009
0.59648
0.2927
0.93425
0.11165
0.72391
0.41817
0.80777
0.15319
0.51153
0.31518
0.95867
0.026682
0.63697
0.44257
0.8302
0.19666
0.59224
0.27246
0.87507
0.077073
0.71289
0.39116
0.75744
0.17627
0.53474
0.35437
0.998
0.049852
0.66028
0.48186
0.86963
0.21996
0.61541
0.31188
0.91436
0.10029
0.73597
0.43049
0.79664
0.13303
0.53044
0.33432
0.93877
0.015337
0.64908
0.45491
0.81912
0.21633
0.57284
0.25381
0.89547
0.087932
0.70029
0.37931
0.76902
0.17133
0.55506
0.36042
0.97462
0.040028
0.68743
0.49083
0.84527
0.24493
0.60729
0.28582
0.92552
0.12233
0.72882
0.40931
0.80096
0.14432
0.50474
0.32584
0.9636
0.019798
0.62826
0.44741
0.84103
0.19382
0.57949
0.27353
0.88967
0.064436
0.70987
0.40587
0.75833
0.18579
0.54021
0.34411
0.9915
0.056348
0.67053
0.47639
0.86011
0.22999
0.62165
0.30262
0.90913
0.10552
0.74523
0.42424
0.78661
0.12747
0.52108
0.34073
0.94917
0.0049285
0.64267
0.46428
0.82468
0.21018
0.56266
0.25913
0.90458
0.078818
0.69497
0.38949
0.77517
0.16192
0.54967
0.37078
0.98119
0.033457
0.67707
0.49622
0.85468
0.2348
0.60096
0.29498
0.93068
0.11717
0.71966
0.41564
0.81109
0.14987
0.51406
0.31942
0.95315
0.030253
0.63468
0.43809
0.83549
0.19999
0.58971
0.26822
0.8806
0.073505
0.71518
0.39565
0.75217
0.17301
0.53734
0.35868
0.99254
0.053362
0.65793
0.47731
0.87485
0.22323
0.61282
0.30758
0.91982
0.096782
0.73832
0.43504
0.79142
0.13825
0.52589
0.33197
0.94227
0.0098734
0.65338
0.4575
0.81585
0.21111
0.57738
0.25616
0.89196
0.093392
0.69599
0.37672
0.77228
0.16685
0.56034
0.36399
0.97233
0.044273
0.68191
0.48751
0.8478
0.24942
0.60201
0.28226
0.92781
0.11809
0.73435
0.41264
0.79844
0.14685
0.50141
0.32032
0.96784
0.017506
0.63183
0.45269
0.83654
0.19128
0.58281
0.27905
0.88542
0.066724
0.7063
0.40059
0.76282
0.18095
0.54526
0.35075
0.98459
0.06131
0.66585
0.46939
0.8669
0.23141
0.621
0.2994
0.91165
0.10496
0.7465
0.42686
0.78324
0.13081
0.51843
0.33943
0.94971
0.0024383
0.64592
0.46496
0.82329
0.20342
0.5697
0.26384
0.89965
0.085699
0.6883
0.3844
0.77998
0.15892
0.5524
0.37193
0.98026
0.036341
0.67397
0.49545
0.85574
0.24123
0.59384
0.29042
0.936
0.1099
0.72618
0.42081
0.80662
0.15431
0.50886
0.31287
0.96039
0.024957
0.63927
0.44524
0.82909
0.19896
0.59051
0.27135
0.87774
0.074403
0.714
0.39288
0.75514
0.17809
0.53253
0.35179
0.9992
0.048646
0.66285
0.48407
0.86781
0.22254
0.6142
0.31007
0.91657
0.098076
0.73778
0.4317
0.79406
0.13564
0.52927
0.33254
0.94101
0.013094
0.65086
0.45609
0.81651
0.21812
0.57059
0.2512
0.89664
0.086757
0.7029
0.38156
0.76723
0.16961
0.55737
0.36309
0.9735
0.041142
0.68476
0.48853
0.84699
0.24226
0.6084
0.28755
0.92322
0.12463
0.7271
0.4082
0.80364
0.14168
0.50589
0.3276
0.96133
0.022071
0.62651
0.44626
0.84367
0.19206
0.58176
0.27617
0.88852
0.06558
0.70723
0.40359
0.76009
0.18507
0.54157
0.34755
0.9892
0.056697
0.66906
0.47308
0.86278
0.2268
0.62421
0.30309
0.90753
0.10907
0.74281
0.42365
0.78786
0.1262
0.52164
0.34312
0.94559
0.0065554
0.64223
0.46175
0.8279
0.20754
0.56601
0.26064
0.90426
0.081086
0.69151
0.38809
0.77586
0.16255
0.54822
0.36726
0.9834
0.033203
0.67864
0.49963
0.8521
0.23809
0.59851
0.29461
0.93237
0.11353
0.72199
0.41615
0.80976
0.15117
0.51352
0.31706
0.95676
0.028592
0.63509
0.44058
0.83223
0.2026
0.58633
0.26668
0.88088
0.071264
0.71867
0.39707
0.7515
0.1744
0.53664
0.3564
0.996
0.051853
0.65824
0.47996
0.8715
0.22575
0.60959
0.30595
0.92026
0.094388
0.7419
0.43631
0.79085
0.13885
0.52465
0.32842
0.9447
0.0094063
0.65498
0.4607
0.8133
0.21443
0.57471
0.25581
0.89344
0.089964
0.69829
0.37744
0.77092
0.16542
0.561
0.36623
0.96884
0.045808
0.68162
0.48489
0.85118
0.24693
0.60526
0.28391
0.9274
0.12045
0.73073
0.41134
0.79897
0.14635
0.50275
0.32396
0.96552
0.017885
0.63014
0.44941
0.839
0.18788
0.5854
0.27931
0.88386
0.070247
0.70409
0.39996
0.76427
0.18258
0.54482
0.34823
0.98781
0.060037
0.66642
0.47178
0.86332
0.23367
0.61753
0.29801
0.91234
0.10231
0.74984
0.42836
0.78293
0.13116
0.51696
0.33612
0.95238
0.001719
0.64728
0.4684
0.82099
0.20697
0.56728
0.26325
0.90089
0.082508
0.69086
0.38488
0.77838
0.15725
0.55281
0.37442
0.97701
0.03764
0.67343
0.49309
0.85935
0.23899
0.59733
0.29184
0.93534
0.11251
0.7228
0.41927
0.80691
0.15405
0.51042
0.31628
0.95781
0.025589
0.63782
0.44173
0.8313
0.19532
0.59284
0.27186
0.87641
0.077689
0.71154
0.39251
0.75683
0.17762
0.53413
0.35499
0.99665
0.049247
0.66162
0.48052
0.87023
0.21911
0.6165
0.31079
0.91521
0.10139
0.73511
0.43135
0.79554
0.13413
0.52958
0.33518
0.93766
0.014485
0.65017
0.45382
0.81997
0.21573
0.57417
0.25247
0.89607
0.089276
0.69968
0.37993
0.76767
0.16998
0.55568
0.35981
0.97597
0.040637
0.68609
0.49218
0.84467
0.24578
0.60619
0.28692
0.92467
0.12123
0.72968
0.40846
0.80207
0.14322
0.5056
0.32498
0.9647
0.020647
0.62716
0.4485
0.84018
0.19442
0.57814
0.27487
0.88906
0.063088
0.71048
0.40525
0.75968
0.18688
0.53936
0.34497
0.99041
0.055491
0.67164
0.47529
0.86097
0.22937
0.623
0.30127
0.90974
0.10686
0.74463
0.42485
0.78528
0.12881
0.52047
0.34133
0.94783
0.0043123
0.64402
0.46293
0.82529
0.20932
0.56376
0.25803
0.90544
0.079911
0.69412
0.39034
0.77408
0.16083
0.55052
0.36993
0.98229
0.034317
0.67597
0.49733
0.85382
0.23542
0.59962
0.29633
0.93006
0.11584
0.72027
0.41503
0.81243
0.14853
0.51466
0.31882
0.95448
0.030865
0.63333
0.43944
0.83487
0.20084
0.5886
0.26932
0.87974
0.072408
0.71603
0.3948
0.75326
0.17215
0.53843
0.35758
0.99339
0.054463
0.65707
0.47817
0.87374
0.22458
0.6122
0.30819
0.91847
0.096174
0.73966
0.4337
0.79202
0.13764
0.52723
0.33063
0.94288
0.011222
0.65277
0.45812
0.81451
0.21222
0.57653
0.25702
0.89086
0.092543
0.69708
0.37562
0.77314
0.1677
0.55925
0.36508
0.97148
0.043168
0.68277
0.48665
0.8489
0.24807
0.60262
0.28164
0.92916
0.11869
0.73301
0.41398
0.79783
0.14746
0.50007
0.32166
0.96724
0.016161
0.63245
0.45208
0.83789
0.19018
0.58367
0.27819
0.88653
0.067577
0.70521
0.40168
0.76197
0.17985
0.54612
0.34989
0.98569
0.062158
0.66475
0.47048
0.86605
0.23201
0.61966
0.30074
0.91104
0.10361
0.74711
0.42624
0.78459
0.12947
0.51905
0.33882
0.95106
0.0030465
0.64458
0.4663
0.82268
0.20427
0.5686
0.26494
0.8988
0.084598
0.68916
0.38355
0.78108
0.16002
0.55154
0.37279
0.97916
0.035489
0.67506
0.49435
0.85658
0.24062
0.59518
0.28908
0.93661
0.11124
0.72556
0.42142
0.80528
0.15565
0.50824
0.31349
0.95905
0.024353
0.64061
0.44391
0.8297
0.19811
0.59161
0.27026
0.8786
0.075507
0.71314
0.39375
0.75404
0.17895
0.53143
0.3529
0.99835
0.047553
0.66371
0.48322
0.86891
0.22121
0.61481
0.30946
0.91791
0.098692
0.73644
0.43304
0.79345
0.13625
0.52792
0.33388
0.94039
0.011753
0.65147
0.45548
0.81785
0.21702
0.57144
0.25035
0.89774
0.087613
0.7018
0.38266
0.76637
0.16875
0.55847
0.36199
0.97436
0.042239
0.68391
0.48938
0.8459
0.2436
0.6078
0.28816
0.92188
0.12402
0.72845
0.40685
0.80425
0.14107
0.50723
0.32625
0.96194
0.023408
0.6259
0.44687
0.84233
0.19315
0.58091
0.27702
0.88743
0.06472
0.70833
0.40249
0.76095
0.18359
0.54207
0.34607
0.9897
0.058152
0.66858
0.47453
0.8623
0.22827
0.62371
0.30456
0.90703
0.10761
0.74329
0.42219
0.78833
0.12571
0.52312
0.34262
0.94707
0.0070381
0.64078
0.46224
0.82645
0.20803
0.56454
0.26113
0.90279
0.080607
0.69297
0.38762
0.77732
