   1.5386807379731213E-012
   1.0322100899840340E-011
   1.0322256709139264E-011
   4.9838523291535063E-011
   4.9838643987125449E-011
   6.9250682710477680E-011
   1.9818384360358163E-010
   1.9818401064706582E-010
   3.3436538577833779E-010
   3.3436542542527940E-010
   6.8598444483387638E-010
   6.8598455074391066E-010
   1.3296084329367488E-009
   1.3296085555821453E-009
   1.6144300400531631E-009
   2.1260163030128715E-009
   2.1260164254337485E-009
   4.6022440678582095E-009
   4.6022440947682295E-009
   5.9973919698085428E-009
   5.9973921272907952E-009
   6.4198038725672929E-009
   6.4198040162560579E-009
   1.4263363777837016E-008
   1.4263364107379485E-008
   1.5558324009888915E-008
   1.5558324112826671E-008
   2.2221206278222368E-008
   2.2221206515635966E-008
   2.5528443169278162E-008
   3.7363308861787633E-008
   3.7363308978559053E-008
   4.0236278178063445E-008
   4.0236278211401431E-008
   6.8868393233890521E-008
   6.8868393539446844E-008
   8.3418192403497890E-008
   8.3418192628645508E-008
   8.8362949268603765E-008
   8.8362949308810328E-008
   1.0438021166296237E-007
   1.0438021177793523E-007
   1.7359960975697186E-007
   1.7359960979729753E-007
   1.9427449587038631E-007
   1.9427449601310395E-007
   2.5066903595157550E-007
   2.5066903611039354E-007
   2.7385616424610860E-007
   2.7385616436912330E-007
   3.0585534674368505E-007
   3.3723861103710461E-007
   3.3723861138654704E-007
   5.0398331970338136E-007
   5.0398331979266350E-007
   5.5964951957449752E-007
   5.5964951995590946E-007
   6.1190672067165429E-007
   6.1190672091585505E-007
   7.7253534930988184E-007
   7.7253534948975543E-007
   9.4791281526822565E-007
   9.4791281550452921E-007
   1.0370380905795589E-006
   1.0370380908080856E-006
   1.1646732620921471E-006
   1.1646732621533401E-006
   1.2103157373867858E-006
   1.2103157375523007E-006
   1.6409864602176509E-006
   1.6409864603223789E-006
   2.0040969758008795E-006
   2.0040969761001829E-006
   2.2625211774687425E-006
   2.2625211776224151E-006
   2.4230882607085811E-006
   2.4230882608310841E-006
   2.6740174346348674E-006
   2.6740174349071906E-006
   2.7021790628753131E-006
   2.7021790630842282E-006
   2.9377897582523501E-006
   3.3366722861981632E-006
   3.3366722864469037E-006
   4.1052592076285605E-006
   4.1052592077131724E-006
   4.2823153116098618E-006
   4.2823153117516365E-006
   4.8128380736550693E-006
   4.8128380739620120E-006
   5.1197179040013104E-006
   5.1197179043568686E-006
   5.6234403728667152E-006
   5.6234403730216782E-006
   5.6997127568534644E-006
   5.6997127568835671E-006
   6.9368867827803538E-006
   6.9368867831302301E-006
   6.9574496012755241E-006
   6.9574496015525758E-006
   8.2873666305378633E-006
   8.2873666308696664E-006
   1.0745254212807490E-005
   1.0745254212974782E-005
   1.0924225144400127E-005
   1.0924225144670445E-005
   1.1009316528471728E-005
   1.1009316528508744E-005
   1.6256408132680289E-005
   1.6256408132835164E-005
   1.6658930791909980E-005
   1.6658930791998868E-005
   1.9821593850629426E-005
   1.9821593850643196E-005
   2.1498933887688850E-005
   2.1498933887873036E-005
   2.2361692156144342E-005
   2.2361692156543636E-005
   2.2385609047229099E-005
   2.2385609047258556E-005
   2.3378271191302374E-005
   2.8729892586696746E-005
   2.8729892587000682E-005
   3.3592943407656235E-005
   3.3592943407861942E-005
   3.4347995127475813E-005
   3.4347995127741496E-005
   3.7193116312412224E-005
   3.7193116312719338E-005
   3.8239158809554290E-005
   3.8239158809688562E-005
   4.3440339636311301E-005
   4.3440339636571313E-005
   5.1629680999634928E-005
   5.1629680999784745E-005
   5.3156741088278395E-005
   5.3156741088326276E-005
   6.0647480574211032E-005
   6.0647480574297009E-005
   7.7401706916082827E-005
   7.7401706916229533E-005
   7.8491491809901836E-005
   7.8491491810169797E-005
   7.8820855265148871E-005
   7.8820855265375049E-005
   1.0808536761809568E-004
   1.0808536761827037E-004
   1.1526962651975168E-004
   1.1526962651985840E-004
   1.3358282639797439E-004
   1.3358282639828632E-004
   1.3871773581545520E-004
   1.3871773581557222E-004
   1.4564489996738141E-004
   1.4564489996756513E-004
   1.5036234348222836E-004
   1.5036234348260685E-004
   1.5733057718037447E-004
   1.6584385408064856E-004
   1.6584385408076070E-004
   1.8463172159548106E-004
   1.8463172159569012E-004
   2.1137855145555464E-004
   2.1137855145586423E-004
   2.3988486937338681E-004
   2.3988486937359064E-004
   2.7282679215111401E-004
   2.7282679215135237E-004
   3.1212255493316346E-004
   3.1212255493330576E-004
   3.2517019084135705E-004
   3.2517019084147235E-004
   3.7782931720048456E-004
   3.7782931720066091E-004
   4.2980303105279920E-004
   4.2980303105306857E-004
   4.6237729710031688E-004
   4.6237729710044942E-004
   4.6600588749386092E-004
   4.6600588749405494E-004
   5.5161308721246051E-004
   5.5161308721265111E-004
   6.5948048969274766E-004
   6.5948048969312236E-004
   6.7670392547629441E-004
   6.7670392547662206E-004
   7.3165575188373594E-004
   7.3165575188384902E-004
   7.3419071719995103E-004
   7.3419071720000990E-004
   8.4355052052586317E-004
   8.4355052052604641E-004
   8.4555007898909470E-004
   8.4555007898933767E-004
   9.0735695180648834E-004
   1.0803662956182193E-003
   1.0803662956185736E-003
   1.3145806744130123E-003
   1.3145806744131370E-003
   1.4330086755901367E-003
   1.4330086755903269E-003
   1.4876999472322233E-003
   1.4876999472323189E-003
   1.7554928608323080E-003
   1.7554928608326716E-003
   1.9093275324941355E-003
   1.9093275324943602E-003
   2.0257862324452635E-003
   2.0257862324454942E-003
   2.2675616786759457E-003
   2.2675616786760216E-003
   2.2826946736823461E-003
   2.2826946736825204E-003
   2.3852569740373136E-003
   2.3852569740374584E-003
   2.5412931327195762E-003
   2.5412931327196994E-003
   3.3482921504678939E-003
   3.3482921504681532E-003
   3.4102609753530817E-003
   3.4102609753533224E-003
   4.0424500242423620E-003
   4.0424500242427523E-003
   4.2158153923172225E-003
   4.2158153923174662E-003
   4.5228174550215076E-003
   4.6107084937507172E-003
   4.6107084937507250E-003
   5.9174248730734678E-003
   5.9174248730735606E-003
   6.1877897135387775E-003
   6.1877897135389874E-003
   6.3966847647727821E-003
   6.3966847647730770E-003
   7.0745715493009701E-003
   7.0745715493012147E-003
   7.8760249026950530E-003
   7.8760249026950998E-003
   8.1897403472749597E-003
   8.1897403472754229E-003
   9.4123274895112439E-003
   9.4123274895113827E-003
   9.4453745573139479E-003
   9.4453745573143712E-003
   1.0486849404390236E-002
   1.0486849404390647E-002
   1.3006591641645139E-002
   1.3006591641645311E-002
   1.4859974483968067E-002
   1.4859974483968438E-002
   1.6594161811090909E-002
   1.6594161811091471E-002
   1.6692777042508839E-002
   1.6692777042508940E-002
   1.8284604763076060E-002
   1.8284604763076719E-002
   1.9587770156731618E-002
   1.9957033350965537E-002
   1.9957033350965790E-002
   2.2217895537666277E-002
   2.2217895537666402E-002
   2.4503016724163655E-002
   2.4503016724163860E-002
   2.5184164585536826E-002
   2.5184164585537183E-002
   3.3176724622186814E-002
   3.3176724622187181E-002
   3.3741460498547364E-002
   3.3741460498547524E-002
   3.8051654694859889E-002
   3.8051654694860021E-002
   3.9850872849817878E-002
   3.9850872849818267E-002
   4.3304094778178537E-002
   4.3304094778178752E-002
   5.1772168376820471E-002
   5.1772168376820561E-002
   5.6226751546282969E-002
   5.6226751546283343E-002
   5.7637255423988162E-002
   5.7637255423988482E-002
   5.8843984711475880E-002
   5.8843984711476116E-002
   6.9043290002045912E-002
   6.9043290002047231E-002
   7.3920023230374748E-002
   8.1030103683575355E-002
   8.1030103683575661E-002
   8.8971985511721988E-002
   8.8971985511722404E-002
  0.10399476602236173     
  0.10399476602236199     
  0.11701215105143056     
  0.11701215105143095     
  0.12433084133029457     
  0.12433084133029508     
  0.13137644876517046     
  0.13137644876517079     
  0.13412508974392218     
  0.13412508974392257     
  0.13841584549203420     
  0.13841584549203420     
  0.18090969395119133     
  0.18090969395119150     
  0.18515747614325026     
  0.18515747614325082     
  0.22731050708095271     
  0.22731050708095310     
  0.23218113316378111     
  0.23218113316378139     
  0.24336490862225552     
  0.27340439283348267     
  0.27340439283348372     
  0.27758392783985686     
  0.27758392783985725     
  0.30903043569762750     
  0.30903043569762811     
  0.35969118945135919     
  0.35969118945136191     
  0.37648684750816314     
  0.37648684750816397     
  0.41244632820192295     
  0.41244632820192628     
  0.48318661629756665     
  0.48318661629756982     
  0.53112168791617875     
  0.53112168791618297     
  0.57767328897011350     
  0.57767328897011350     
  0.64311586614735783     
  0.64311586614735838     
  0.65264607554178289     
  0.65264607554178544     
  0.69899959945044143     
  0.73137204510303044     
  0.73137204510303322     
  0.93864948023265249     
  0.93864948023265360     
  0.96370023903656932     
  0.96370023903657220     
   1.1060817231066855     
   1.1060817231066964     
   1.1222014727786891     
   1.1222014727786915     
   1.2493317346290638     
   1.2493317346290647     
   1.3270469474816251     
   1.3270469474816271     
   1.6332454310202158     
   1.6332454310202178     
   1.7031440233984823     
   1.7031440233984829     
   1.7502395983524384     
   2.0361921800012830     
   2.0361921800012830     
   2.2490327136272907     
   2.2490327136272921     
   2.2668652376477669     
   2.2668652376477691     
   2.5844119539113350     
   2.5844119539113413     
   2.8864288727019805     
   2.8864288727019862     
   3.4508672302404433     
   3.4508672302404477     
   3.5588203214536285     
   3.5588203214536343     
   3.8161547446459130     
   3.8418038536838748     
   3.8418038536838850     
   4.5674221038941276     
   4.5674221038941276     
   5.2549706847252420     
   5.2549706847252420     
   5.4605770521723578     
   5.4605770521723631     
   6.0791866399657906     
   6.0791866399658012     
   6.7442767807187574     
   6.7442767807187582     
   7.2362675900565279     
   8.0631135429529923     
   8.0631135429530065     
   8.9765553454367861     
   8.9765553454367968     
   9.2870911018674001     
   9.2870911018674036     
   11.103172730423582     
   11.103172730423609     
   11.919136496956330     
   12.361012156612855     
   12.361012156612871     
   14.249912041520878     
   14.249912041520886     
   15.864234507786813     
   15.864234507786815     
   17.036468475961804     
   18.966470129757347     
   18.966470129757351     
   21.115114889599766     
