0	0	0	0
1	0.9996400863713432	1.0	0.0003599136286568383
2	1.7712988352851795	2.0	0.2287011647148205
3	1.999640074337372	2.0	0.0003599256626281022
4	1.9996400743550984	3.0	1.0003599256449016
5	2.9027048517343146	3.0	0.09729514826568542
6	2.9027073749624024	3.0	0.09729262503759761
7	2.9996400915610493	4.0	1.0003599084389507
8	2.999646810897073	4.0	1.0003531891029271
9	2.9996468400085967	4.0	1.0003531599914033
10	3.90815191717692	4.0	0.0918480828230801
11	3.999641750246591	5.0	1.000358249753409
12	3.9996417535987496	5.0	1.0003582464012504
13	3.9996487395976255	5.0	1.0003512604023745
14	3.999648740125023	5.0	1.0003512598749769
15	4.648281395592671	5.0	0.3517186044073286
16	4.915689618862187	6.0	1.0843103811378132
17	4.999645838492434	6.0	1.0003541615075662
18	4.999776499339781	6.0	1.0002235006602191
19	4.99986776779558	6.0	1.00013223220442
20	5.000241359448678	6.0	0.9997586405513221
21	5.000348478027198	6.0	0.9996515219728019
22	5.6333171187027276	7.0	1.3666828812972724
23	5.633318611129025	7.0	1.3666813888709752
24	5.999685925076063	7.0	1.0003140749239368
25	5.999685946394712	7.0	1.0003140536052877
26	5.999953413552343	7.0	1.0000465864476569
27	5.999953548328397	7.0	1.0000464516716034
28	6.000258041318228	7.0	0.9997419586817724
29	6.000258072555192	8.0	1.9997419274448083
30	6.999031533091902	8.0	1.0009684669080983
31	6.999398916159256	8.0	1.0006010838407438
32	7.000222456170236	8.0	0.9997775438297642
33	7.000448120548676	8.0	0.9995518794513236
34	7.001154677109017	8.0	0.9988453228909826
35	7.014877471506931	8.0	0.9851225284930694
36	7.014929996865779	8.0	0.9850700031342212
37	7.300614239000145	9.0	1.6993857609998546
38	7.401519519000441	9.0	1.5984804809995588
39	7.401521024333582	9.0	1.598478975666418
40	7.632605420368413	9.0	1.3673945796315872
41	8.000469021864843	9.0	0.9995309781351569
42	8.000469178703387	9.0	0.999530821296613
43	8.006100181877894	9.0	0.9938998181221059
44	8.00610198976803	9.0	0.9938980102319697
45	8.01154349572279	9.0	0.9884565042772095
46	8.011543731904974	10.0	1.9884562680950264
47	8.020446060780115	10.0	1.979553939219885
48	8.020446395995195	10.0	1.9795536040048045
49	8.575115406118034	10.0	1.4248845938819663
50	9.002182916894643	10.0	0.9978170831053568
51	9.003453680893715	10.0	0.9965463191062849
52	9.003998399572035	10.0	0.9960016004279648
53	9.009169719189277	10.0	0.990830280810723
54	9.016091820974983	10.0	0.9839081790250166
55	9.019316429723887	10.0	0.9806835702761134
56	9.028867923263709	11.0	1.971132076736291
57	9.139455773734642	11.0	1.8605442262653575
58	9.140150806403295	11.0	1.8598491935967054
59	9.618536473655645	11.0	1.3814635263443549
60	9.61853899849955	11.0	1.3814610015004494
61	10.007088412354317	11.0	0.9929115876456827
62	10.007088795029107	11.0	0.992911204970893
63	10.04520679174898	11.0	0.9547932082510204
64	10.045208856369246	11.0	0.9547911436307537
65	10.067649206419167	11.0	0.9323507935808326
66	10.067654046042405	11.0	0.9323459539575953
67	10.098329782715203	12.0	1.9016702172847975
68	10.09833852929233	12.0	1.9016614707076709
69	10.14116478376434	12.0	1.8588352162356596
70	10.141171907506909	12.0	1.8588280924930913
71	10.337397899423868	12.0	1.662602100576132
72	10.531288241489817	12.0	1.4687117585101834
73	10.999909345266405	12.0	1.0000906547335955
74	11.033320718852618	12.0	0.9666792811473819
75	11.049343393840468	12.0	0.9506566061595318
76	11.06968381789896	12.0	0.9303161821010395
77	11.088653171136237	12.0	0.9113468288637634
78	11.115412071968086	12.0	0.8845879280319142
79	11.161171277218514	13.0	1.8388287227814857
80	11.32738627276358	13.0	1.6726137272364205
81	11.327396866069133	13.0	1.672603133930867
82	11.330006119743171	13.0	1.669993880256829
83	11.37659159331983	13.0	1.62340840668017
84	11.59176110760772	13.0	1.40823889239228
85	11.592478591561116	13.0	1.4075214084388836
86	11.938855457781742	13.0	1.0611445422182584
87	12.04224041038382	13.0	0.9577595896161792
88	12.042241292114596	13.0	0.9577587078854037
89	12.11738497833151	13.0	0.8826150216684905
90	12.117448293291805	13.0	0.8825517067081954
91	12.171026002109473	13.0	0.8289739978905271
92	12.248768387311106	14.0	1.751231612688894
93	12.248769640624596	14.0	1.7512303593754037
94	12.339307085651223	14.0	1.6606929143487772
95	12.339307471282149	14.0	1.660692528717851
96	12.438763037293079	14.0	1.5612369627069214
97	12.438787407712164	14.0	1.561212592287836
98	12.603849295170289	14.0	1.3961507048297115
99	12.60386642322172	14.0	1.3961335767782792
100	13.020546957007918	14.0	0.9794530429920822
101	13.051833806612045	14.0	0.948166193387955
102	13.212333816779413	14.0	0.7876661832205869
103	13.264154313915567	14.0	0.7358456860844331
104	13.28636137644722	14.0	0.7136386235527805
105	13.429403239985852	14.0	0.5705967600141477
106	13.500633763480213	15.0	1.499366236519787
107	13.503740907627606	15.0	1.4962590923723944
108	13.590994680645537	15.0	1.4090053193544634
109	13.662579790982303	15.0	1.3374202090176972
110	13.675377497196564	15.0	1.324622502803436
111	13.813979315198829	15.0	1.1860206848011714
112	14.040306210453133	15.0	0.9596937895468667
113	14.0403141224563	15.0	0.9596858775437003
114	14.149911790092965	15.0	0.8500882099070353
115	14.149916885610368	15.0	0.8500831143896317
116	14.308782266312413	15.0	0.6912177336875871
117	14.308799289246313	15.0	0.6912007107536873
118	14.440509970623825	15.0	0.5594900293761746
119	14.440517841583798	15.0	0.559482158416202
120	14.538845988852756	15.0	0.46115401114724364
121	14.540912264148016	16.0	1.459087735851984
122	14.771211305237689	16.0	1.2287886947623115
123	14.771229890350153	16.0	1.2287701096498473
124	14.901988482538949	16.0	1.0980115174610514
125	14.948745235285244	16.0	1.0512547647147557
126	15.135987853360787	16.0	0.8640121466392134
127	15.13600276660731	16.0	0.8639972333926895
128	15.140399465830411	16.0	0.8596005341695889
129	15.290335626062742	16.0	0.7096643739372581
130	15.290339590553687	16.0	0.7096604094463128
131	15.304035712948911	16.0	0.6959642870510887
132	15.391779908148632	16.0	0.6082200918513685
133	15.523358010352508	16.0	0.4766419896474918
134	15.523401964329489	16.0	0.47659803567051107
135	15.666278677248972	16.0	0.3337213227510283
136	15.666288265796313	16.0	0.33371173420368727
137	15.694723501626115	17.0	1.3052764983738854
138	15.750633874783347	17.0	1.2493661252166532
139	16.21890830474701	17.0	0.7810916952529894
140	16.249599951329028	17.0	0.7504000486709721
141	16.268358686146282	17.0	0.7316413138537179
142	16.268428654970798	17.0	0.7315713450292023
143	16.286278362890453	17.0	0.713721637109547
144	16.310344984726907	17.0	0.6896550152730931
145	16.312558327411004	17.0	0.6874416725889958
146	16.602339043003273	17.0	0.3976609569967273
147	16.626596126030158	17.0	0.373403873969842
148	16.641208856592158	17.0	0.35879114340784213
149	16.641242466646062	17.0	0.3587575333539377
150	16.747675618082603	17.0	0.25232438191739703
151	17.111598064642216	17.0	0.11159806464221589
152	17.11161684649157	17.0	0.11161684649157166
153	17.223966476880065	17.0	0.2239664768800651
154	17.224131259599474	18.0	0.7758687404005258
155	17.229113484579905	18.0	0.770886515420095
156	17.591382475458698	18.0	0.4086175245413024
157	17.659382346159934	18.0	0.3406176538400665
158	17.659430548496285	18.0	0.34056945150371476
159	17.754323054204235	18.0	0.24567694579576482
160	17.841324279937535	18.0	0.15867572006246533
161	17.897503837332913	18.0	0.10249616266708728
162	17.997996872169246	18.0	0.002003127830754181
163	17.998071502765754	18.0	0.0019284972342461515
164	18.041936282874573	18.0	0.041936282874573294
165	18.042619579589527	18.0	0.04261957958952678
166	18.124956324754606	18.0	0.12495632475460638
167	18.298500320822594	18.0	0.29850032082259403
168	18.29851659203633	18.0	0.29851659203632863
169	18.622731490296506	18.0	0.6227314902965055
170	18.622765065899767	18.0	0.6227650658997668
171	18.659528057726504	18.0	0.6595280577265044
172	18.659534777937488	19.0	0.3404652220625124
173	18.670818431173366	19.0	0.32918156882663396
174	18.797775358610767	19.0	0.20222464138923257
175	18.8010306729117	19.0	0.1989693270882995
176	18.944953146314536	19.0	0.05504685368546447
177	19.048162127597603	19.0	0.04816212759760319
178	19.04826038994567	19.0	0.04826038994567128
179	19.187385145125425	19.0	0.18738514512542537
180	19.297124967021738	19.0	0.2971249670217375
181	19.29721723074631	19.0	0.297217230746309
182	19.369119801314994	19.0	0.36911980131499433
183	19.446182036657557	19.0	0.4461820366575573
184	19.63141393256884	19.0	0.6314139325688402
185	19.671585102215715	19.0	0.6715851022157153
186	19.671620696761373	19.0	0.6716206967613729
187	19.71559179379869	19.0	0.7155917937986906
188	19.749961880095388	19.0	0.7499618800953876
189	19.879940339114565	19.0	0.8799403391145653
190	20.01041603021695	19.0	1.0104160302169483
191	20.1044728929163	20.0	0.10447289291629858
192	20.203948066028982	20.0	0.20394806602898186
193	20.204015585004875	20.0	0.20401558500487482
194	20.588072811680135	20.0	0.588072811680135
195	20.65980473418931	20.0	0.6598047341893114
196	20.659917916262128	20.0	0.6599179162621276
197	20.695392106482664	20.0	0.6953921064826645
198	20.768938285586415	20.0	0.7689382855864153
199	20.81222029359705	20.0	0.8122202935970506
200	20.95931047630065	20.0	0.9593104763006508
201	20.97544018370764	20.0	0.9754401837076401
202	20.97553597339384	20.0	0.9755359733938391
203	21.035052016408166	20.0	1.0350520164081658
204	21.103903392916376	20.0	1.1039033929163757
205	21.103927048802	20.0	1.1039270488019994
206	21.440516288689693	20.0	1.4405162886896932
207	21.440536595257328	20.0	1.4405365952573277
208	21.680058545527945	20.0	1.6800585455279453
209	21.748594981183185	20.0	1.7485949811831851
210	21.779063474767685	20.0	1.7790634747676854
211	21.854190284626775	21.0	0.8541902846267746
212	21.854469139874894	21.0	0.8544691398748938
213	21.901154534494953	21.0	0.9011545344949532
214	21.9476437097534	21.0	0.9476437097534003
215	21.9476740931952	21.0	0.9476740931952001
216	22.12556207612069	21.0	1.1255620761206906
217	22.12577838830787	21.0	1.1257783883078716
218	22.20508318847203	21.0	1.205083188472031
219	22.348340832972358	21.0	1.348340832972358
220	22.34835100081481	21.0	1.3483510008148087
221	22.57676076189453	21.0	1.5767607618945298
222	22.63989999645717	21.0	1.6398999964571708
223	22.640056462921535	21.0	1.6400564629215353
224	22.72061022127735	21.0	1.7206102212773509
225	22.818152203206488	21.0	1.8181522032064876
226	22.885855322218067	21.0	1.8858553222180667
227	23.016102612300426	21.0	2.0161026123004255
228	23.01610776909652	21.0	2.0161077690965215
229	23.1270367771788	21.0	2.1270367771788017
230	23.12718819586271	21.0	2.1271881958627112
231	23.314148561801623	21.0	2.3141485618016233
232	23.48814926257121	22.0	1.4881492625712092
233	23.63164031520583	22.0	1.6316403152058285
234	23.645726603902673	22.0	1.6457266039026734
235	23.88258639134704	22.0	1.88258639134704
236	23.882689403893092	22.0	1.8826894038930924
237	23.887417541143567	22.0	1.8874175411435665
238	23.914536707071413	22.0	1.914536707071413
239	23.91456880773241	22.0	1.9145688077324117
240	23.91667978091069	22.0	1.916679780910691
241	23.969452128635286	22.0	1.969452128635286
242	24.182563911044866	22.0	2.1825639110448662
243	24.2171389795088	22.0	2.2171389795087997
244	24.32969004844735	22.0	2.3296900484473504
245	24.430242525179555	22.0	2.4302425251795547
246	24.430257011238965	22.0	2.4302570112389645
247	24.55831280667768	22.0	2.55831280667768
248	24.558425243438297	22.0	2.558425243438297
249	24.641779706690148	22.0	2.641779706690148
250	24.76946994988945	22.0	2.7694699498894515
251	24.769484917338012	22.0	2.769484917338012
252	25.144994000274888	22.0	3.144994000274888
253	25.145281217411824	22.0	3.1452812174118243
254	25.163437797943306	23.0	2.163437797943306
255	25.19666995044591	23.0	2.1966699504459086
256	25.290023051346783	23.0	2.2900230513467825
257	25.290081839902765	23.0	2.290081839902765
258	25.331830518718853	23.0	2.331830518718853
259	25.351498273657054	23.0	2.3514982736570538
260	25.39201650488538	23.0	2.3920165048853796
261	25.667440415359927	23.0	2.667440415359927
262	25.89380219050143	23.0	2.893802190501429
263	25.908269620828854	23.0	2.908269620828854
264	25.90951106214732	23.0	2.9095110621473204
265	26.24485801709777	23.0	3.244858017097769
266	26.2452055116942	23.0	3.2452055116941985
267	26.31418375137753	23.0	3.3141837513775307
268	26.318812856583207	23.0	3.3188128565832073
269	26.351736672318555	23.0	3.3517366723185553
270	26.352126647778515	23.0	3.3521266477785154
271	26.386964377770482	23.0	3.3869643777704823
272	26.78169728064353	23.0	3.781697280643531
273	26.825296218226338	23.0	3.825296218226338
274	26.82555829214563	23.0	3.8255582921456295
275	27.067775881770054	23.0	4.067775881770054
276	27.067786505253817	23.0	4.067786505253817
277	27.138395256214128	24.0	3.138395256214128
278	27.17238660507068	24.0	3.172386605070681
279	27.25333066423409	24.0	3.2533306642340882
280	27.25357379139613	24.0	3.2535737913961285
281	27.50724978609553	24.0	3.5072497860955316
282	27.50726359063829	24.0	3.5072635906382885
283	27.664268875154143	24.0	3.664268875154143
284	27.68613843370705	24.0	3.6861384337070504
285	27.784078562365178	24.0	3.7840785623651776
286	27.784178893858627	24.0	3.784178893858627
287	27.83579670299367	24.0	3.835796702993669
288	27.83601518043292	24.0	3.83601518043292
289	28.04752076504983	24.0	4.047520765049828
290	28.075622273307985	24.0	4.075622273307985
291	28.125811969177974	24.0	4.125811969177974
292	28.140197933293518	24.0	4.140197933293518
293	28.284550008452893	24.0	4.284550008452893
294	28.29656295900077	24.0	4.29656295900077
295	28.325708838331128	24.0	4.325708838331128
296	28.32614168813509	24.0	4.326141688135088
297	28.439702796727953	24.0	4.439702796727953
298	28.440835624632424	24.0	4.440835624632424
299	28.798183224994627	24.0	4.798183224994627
300	28.84461512135273	24.0	4.8446151213527315
301	28.84726235142901	25.0	3.847262351429009
302	28.84751731280231	25.0	3.84751731280231
303	29.12866408119465	25.0	4.12866408119465
304	29.214577256105642	25.0	4.214577256105642
305	29.21479302253499	25.0	4.214793022534991
306	29.368448560667748	25.0	4.368448560667748
307	29.368477344958528	25.0	4.368477344958528
308	29.66952501544539	25.0	4.669525015445391
309	29.70210727136747	25.0	4.7021072713674705
310	29.70354893293223	25.0	4.703548932932229
311	29.716286330543852	25.0	4.716286330543852
312	29.943640942673436	25.0	4.9436409426734365
313	29.953158975481518	25.0	4.953158975481518
314	29.995187076331764	25.0	4.995187076331764
315	29.995776895742175	25.0	4.995776895742175
316	30.02580826280355	25.0	5.025808262803551
317	30.304205094788855	25.0	5.3042050947888555
318	30.304925126093195	25.0	5.304925126093195
319	30.308386563326415	25.0	5.308386563326415
320	30.33783903450394	25.0	5.33783903450394
321	30.581844531361078	25.0	5.581844531361078
322	30.604652629080743	25.0	5.604652629080743
323	30.604773950780068	25.0	5.604773950780068
324	30.77565849201912	25.0	5.775658492019119
325	30.77693687744087	25.0	5.776936877440871
326	30.78268569346035	26.0	4.782685693460351
327	31.09095325077707	26.0	5.090953250777069
328	31.105200666176408	26.0	5.105200666176408
329	31.352716795637413	26.0	5.352716795637413
330	31.352748703435374	26.0	5.352748703435374
331	31.478255052726183	26.0	5.478255052726183
332	31.585038421963812	26.0	5.585038421963812
333	31.616371056893023	26.0	5.616371056893023
334	31.643650102151213	26.0	5.643650102151213
335	31.909731144481142	26.0	5.9097311444811425
336	31.909763302390598	26.0	5.909763302390598
337	32.16191889330588	26.0	6.161918893305881
338	32.202310360963864	26.0	6.202310360963864
339	32.202703956906774	26.0	6.202703956906774
340	32.310195140509045	26.0	6.310195140509045
341	32.31052475419079	26.0	6.310524754190787
342	32.33315581155847	26.0	6.33315581155847
343	32.48171999694184	26.0	6.481719996941841
344	32.558275756690605	26.0	6.558275756690605
345	32.5586440360641	26.0	6.558644036064102
346	32.615891820306395	26.0	6.615891820306395
347	32.69052684160388	26.0	6.690526841603877
348	32.691029496708964	26.0	6.691029496708964
349	32.70421633472595	26.0	6.704216334725949
350	32.73582753528526	26.0	6.73582753528526
351	32.843546791188786	26.0	6.8435467911887855
352	32.843746756239184	27.0	5.8437467562391845
353	33.2068372034323	27.0	6.2068372034323005
354	33.207210092761095	27.0	6.207210092761095
355	33.54027113730629	27.0	6.540271137306291
356	33.54393456106931	27.0	6.543934561069307
357	33.64995250492597	27.0	6.64995250492597
358	33.7339585065223	27.0	6.733958506522299
359	33.73705159988276	27.0	6.737051599882761
360	33.75432731737336	27.0	6.75432731737336
361	33.75848126352585	27.0	6.7584812635258515
362	34.12770939609492	27.0	7.127709396094922
363	34.13951350587905	27.0	7.1395135058790515
364	34.23339560524283	27.0	7.233395605242833
365	34.23349222809905	27.0	7.233492228099053
366	34.337213675790785	27.0	7.337213675790785
367	34.49537041171949	27.0	7.495370411719492
368	34.50155444070119	27.0	7.501554440701192
369	34.54429915995728	27.0	7.5442991599572835
370	34.54455779165879	27.0	7.544557791658789
371	34.58176320619997	27.0	7.581763206199973
372	34.628296479624154	27.0	7.628296479624154
373	34.72627490046441	27.0	7.726274900464411
374	34.72638952035981	27.0	7.72638952035981
375	34.769104986909525	27.0	7.769104986909525
376	34.769163436031626	27.0	7.769163436031626
377	34.92827276825009	27.0	7.928272768250089
378	35.23079052326039	27.0	8.230790523260389
379	35.232353022633774	28.0	7.232353022633774
380	35.248933990622675	28.0	7.248933990622675
381	35.275793420484916	28.0	7.275793420484916
382	35.42446225493556	28.0	7.4244622549355626
383	35.42460814096205	28.0	7.42460814096205
384	35.5268477678443	28.0	7.526847767844302
385	35.689310024021204	28.0	7.689310024021204
386	35.731413938154006	28.0	7.731413938154006
387	35.73239981430657	28.0	7.732399814306568
388	35.79656474715916	28.0	7.7965647471591595
389	36.08996353598674	28.0	8.08996353598674
390	36.090078271920056	28.0	8.090078271920056
391	36.09762749125922	28.0	8.097627491259217
392	36.32516412989997	28.0	8.325164129899967
393	36.445487964102135	28.0	8.445487964102135
394	36.54297570761428	28.0	8.542975707614282
395	36.6214430936969	28.0	8.621443093696897
396	36.621827881746775	28.0	8.621827881746775
397	36.978675628145645	28.0	8.978675628145645
398	37.053018403902115	28.0	9.053018403902115
399	37.05348792581118	28.0	9.053487925811183
400	37.11534893775212	28.0	9.115348937752117
401	37.137031476328815	28.0	9.137031476328815
402	37.20687386393713	28.0	9.206873863937133
403	37.20759834136183	28.0	9.20759834136183
404	37.32442340435415	28.0	9.32442340435415
405	37.512602143606415	28.0	9.512602143606415
406	37.51748776584014	28.0	9.517487765840137
407	37.8822876854098	29.0	8.8822876854098
408	37.882370335430736	29.0	8.882370335430736
409	37.97092459420365	29.0	8.970924594203652
410	38.217130509537505	29.0	9.217130509537505
411	38.356993991324494	29.0	9.356993991324494
412	38.35755613986457	29.0	9.35755613986457
413	38.41433048095444	29.0	9.41433048095444
414	38.62066961517994	29.0	9.620669615179942
415	38.62083299606774	29.0	9.62083299606774
416	38.664347637179524	29.0	9.664347637179524
417	38.664671729058796	29.0	9.664671729058796
418	38.68907242208002	29.0	9.689072422080017
419	38.88823365259585	29.0	9.88823365259585
420	38.88831483526316	29.0	9.88831483526316
421	39.11183711408419	29.0	10.111837114084189
422	39.162940335646965	29.0	10.162940335646965
423	39.33221212498615	29.0	10.33221212498615
424	39.33267635695046	29.0	10.332676356950458
425	39.38757833608244	29.0	10.387578336082441
426	39.3879297905057	29.0	10.387929790505702
427	39.62140184922607	29.0	10.621401849226068
428	39.62968412722859	29.0	10.629684127228593
429	39.69494047227632	29.0	10.694940472276322
430	39.69538483149963	29.0	10.69538483149963
431	39.7230612380444	29.0	10.723061238044401
432	39.81595218305626	29.0	10.815952183056261
433	39.83798519821159	29.0	10.837985198211591
434	39.89449938881065	29.0	10.894499388810651
435	39.9394178834788	29.0	10.939417883478797
436	39.93989592846666	30.0	9.939895928466662
437	40.242622528612095	30.0	10.242622528612095
438	40.25812448007329	30.0	10.258124480073292
439	40.279234411266096	30.0	10.279234411266096
440	40.280302785707114	30.0	10.280302785707114
441	40.385299128528096	30.0	10.385299128528096
442	40.385820769186495	30.0	10.385820769186495
443	40.60784037805809	30.0	10.607840378058093
444	40.60792061000653	30.0	10.60792061000653
445	40.61329487706383	30.0	10.61329487706383
446	40.613807820427866	30.0	10.613807820427866
447	40.81235126451338	30.0	10.812351264513381
448	40.8361477628533	30.0	10.836147762853301
449	41.02676306829957	30.0	11.026763068299573
450	41.1722438352447	30.0	11.1722438352447
451	41.17283370859809	30.0	11.172833708598091
452	41.35777911968695	30.0	11.357779119686953
453	41.42689446815796	30.0	11.426894468157961
454	41.63055753721707	30.0	11.630557537217072
455	41.630709696597336	30.0	11.630709696597336
456	41.89118940029604	30.0	11.891189400296042
457	41.92762096391468	30.0	11.927620963914677
458	42.179839098084415	30.0	12.179839098084415
459	42.17989015976353	30.0	12.17989015976353
460	42.3842653999371	30.0	12.3842653999371
461	42.45173781570721	30.0	12.451737815707212
462	42.5573647564299	30.0	12.557364756429898
463	42.57378346673917	30.0	12.573783466739172
464	42.57450048026353	30.0	12.57450048026353
465	42.634236476135	30.0	12.634236476135001
466	42.63432979331309	31.0	11.634329793313093
467	42.69231841841839	31.0	11.692318418418388
468	42.69252862068668	31.0	11.69252862068668
469	42.79728437485493	31.0	11.797284374854932
470	42.882613573345864	31.0	11.882613573345864
471	42.90047195774059	31.0	11.900471957740592
472	42.953601484825896	31.0	11.953601484825896
473	43.20095040010644	31.0	12.200950400106443
474	43.2016645463974	31.0	12.201664546397403
475	43.255505322614965	31.0	12.255505322614965
476	43.58017811783046	31.0	12.580178117830457
477	43.645304230953684	31.0	12.645304230953684
478	43.68027700669638	31.0	12.680277006696379
479	43.93191537402291	31.0	12.931915374022907
480	43.995547654966174	31.0	12.995547654966174
481	43.99623134221453	31.0	12.996231342214529
482	44.04221844681109	31.0	13.042218446811091
483	44.04246955740432	31.0	13.042469557404317
484	44.22238600947737	31.0	13.222386009477368
485	44.489454417042666	31.0	13.489454417042666
486	44.611883369813725	31.0	13.611883369813725
487	44.61225456020012	31.0	13.612254560200121
488	44.75600139600772	31.0	13.756001396007719
489	45.21758407609476	31.0	14.21758407609476
490	45.30535622131514	31.0	14.305356221315137
491	45.31478952646845	31.0	14.314789526468452
492	45.32150564102327	31.0	14.321505641023272
493	45.388080133341724	31.0	14.388080133341724
494	45.39662386925816	31.0	14.396623869258157
495	45.46909191152482	31.0	14.46909191152482
496	45.47009165590829	31.0	14.470091655908291
497	45.637621915735686	32.0	13.637621915735686
498	45.63777203261333	32.0	13.637772032613327
499	45.71031075513214	32.0	13.710310755132141
500	45.71112454373912	32.0	13.711124543739118
501	45.94949838165802	32.0	13.949498381658017
502	46.1292100550391	32.0	14.129210055039103
503	46.130052269315264	32.0	14.130052269315264
504	46.13593717212756	32.0	14.135937172127562
505	46.34627943015174	32.0	14.34627943015174
506	46.34973119809793	32.0	14.349731198097928
507	46.36342969508735	32.0	14.363429695087348
508	46.46921760855011	32.0	14.46921760855011
509	46.47016756357378	32.0	14.470167563573781
510	46.522251500805986	32.0	14.522251500805986
511	46.696472498380096	32.0	14.696472498380096
512	46.70533840441465	32.0	14.705338404414647
513	46.98823540885326	32.0	14.988235408853257
514	47.130928831277046	32.0	15.130928831277046
515	47.131264259173726	32.0	15.131264259173726
516	47.43730623756575	32.0	15.43730623756575
517	47.43895604718994	32.0	15.43895604718994
518	47.58759194658607	32.0	15.587591946586073
519	47.58874226918358	32.0	15.588742269183577
520	47.7729064853034	32.0	15.772906485303402
521	47.92300867595106	32.0	15.92300867595106
522	47.934813293189926	32.0	15.934813293189926
523	47.9351619895197	32.0	15.935161989519699
524	48.125774258536154	32.0	16.125774258536154
525	48.14631219786176	32.0	16.14631219786176
526	48.147502976339645	32.0	16.147502976339645
527	48.1502605883871	32.0	16.1502605883871
528	48.218633183337566	32.0	16.218633183337566
529	48.233125923673256	33.0	15.233125923673256
530	48.34950912887759	33.0	15.349509128877592
531	48.39815295340746	33.0	15.398152953407461
532	48.39891816264112	33.0	15.398918162641117
533	48.41038895791139	33.0	15.410388957911387
534	48.49821898905317	33.0	15.498218989053171
535	48.529161442033214	33.0	15.529161442033214
536	48.5301229478195	33.0	15.5301229478195
537	48.909950621125525	33.0	15.909950621125525
538	48.910037721181716	33.0	15.910037721181716
539	48.94444242628273	33.0	15.944442426282727
540	48.988029561268355	33.0	15.988029561268355
541	49.03439521251093	33.0	16.03439521251093
542	49.14002284973393	33.0	16.14002284973393
543	49.140265902266066	33.0	16.140265902266066
544	49.3507395623736	33.0	16.350739562373597
545	49.37822155402548	33.0	16.37822155402548
546	49.505857763754435	33.0	16.505857763754435
547	49.50591846566113	33.0	16.505918465661132
548	49.64804785073361	33.0	16.64804785073361
549	49.69159400732367	33.0	16.691594007323673
550	50.07665493001847	33.0	17.07665493001847
551	50.127321603654934	33.0	17.127321603654934
552	50.127734140448744	33.0	17.127734140448744
553	50.60362321289923	33.0	17.60362321289923
554	50.609291376642965	33.0	17.609291376642965
555	50.61367539138143	33.0	17.613675391381427
556	50.91372416249617	33.0	17.913724162496173
557	50.94686158874885	33.0	17.946861588748853
558	51.05454525444632	33.0	18.054545254446317
559	51.11510569098911	33.0	18.11510569098911
560	51.11582074809522	33.0	18.115820748095217
561	51.26287961465505	33.0	18.26287961465505
562	51.2977032361619	34.0	17.2977032361619
563	51.52497489602437	34.0	17.524974896024368
564	51.52524271848678	34.0	17.52524271848678
565	51.765852344655634	34.0	17.765852344655634
566	51.76589404447589	34.0	17.765894044475893
567	51.87371463097346	34.0	17.87371463097346
568	51.95787246622356	34.0	17.957872466223563
569	52.36810294489104	34.0	18.368102944891042
570	52.36909153714658	34.0	18.36909153714658
571	52.436017210066346	34.0	18.436017210066346
572	52.58372037741821	34.0	18.58372037741821
573	52.663498391819175	34.0	18.663498391819175
574	52.704462664102316	34.0	18.704462664102316
575	52.705617588600944	34.0	18.705617588600944
576	52.95069737771056	34.0	18.95069737771056
577	53.037073985453404	34.0	19.037073985453404
578	53.18461360000847	34.0	19.18461360000847
579	53.348067767091294	34.0	19.348067767091294
580	53.348265407978495	34.0	19.348265407978495
581	53.647503910632956	34.0	19.647503910632956
582	53.89228597450101	34.0	19.892285974501007
583	53.897293694235536	34.0	19.897293694235536
584	53.901514909024954	34.0	19.901514909024954
585	53.90303495687892	34.0	19.90303495687892
586	53.903313119564416	34.0	19.903313119564416
587	53.91796762313493	34.0	19.917967623134928
588	54.098893701248635	34.0	20.098893701248635
589	54.10009310187789	34.0	20.10009310187789
590	54.24101517387067	34.0	20.24101517387067
591	54.24108972689702	34.0	20.241089726897023
592	54.49972980028708	34.0	20.499729800287078
593	54.55418222879614	34.0	20.554182228796137
594	54.704399996716575	34.0	20.704399996716575
595	54.89706308046344	34.0	20.89706308046344
596	54.898322838711536	35.0	19.898322838711536
597	54.96985425996813	35.0	19.96985425996813
598	54.97008434202285	35.0	19.97008434202285
599	55.08301340588689	35.0	20.083013405886888
600	55.08435347404328	35.0	20.084353474043283
601	55.10510999551686	35.0	20.105109995516862
602	55.10524672030138	35.0	20.10524672030138
603	55.55473514156368	35.0	20.554735141563683
604	55.624695015930406	35.0	20.624695015930406
605	55.795773709423415	35.0	20.795773709423415
606	55.88094535118328	35.0	20.88094535118328
607	55.969440141625796	35.0	20.969440141625796
608	55.98880362136326	35.0	20.98880362136326
609	55.989380448823546	35.0	20.989380448823546
610	56.008002398736174	35.0	21.008002398736174
611	56.04324236863715	35.0	21.043242368637152
612	56.043269661438806	35.0	21.043269661438806
613	56.10470372639367	35.0	21.104703726393673
614	56.52981248508857	35.0	21.52981248508857
615	56.78061013758579	35.0	21.78061013758579
616	56.780927257944406	35.0	21.780927257944406
617	56.79059821480772	35.0	21.790598214807723
618	56.86506392279557	35.0	21.86506392279557
619	56.956368954107724	35.0	21.956368954107724
620	56.95645627826715	35.0	21.956456278267147
621	57.04318888746043	35.0	22.04318888746043
622	57.16984506109339	35.0	22.16984506109339
623	57.23696750670391	35.0	22.236967506703913
624	57.24798292859494	35.0	22.247982928594944
625	57.2513416249249	35.0	22.251341624924898
626	57.575585269707545	35.0	22.575585269707545
627	57.57608395007235	35.0	22.576083950072352
628	57.58824679487208	35.0	22.588246794872077
629	57.899558253537634	35.0	22.899558253537634
630	58.145569562795906	35.0	23.145569562795906
631	58.15190778765441	36.0	22.15190778765441
632	58.15935945742454	36.0	22.159359457424543
633	58.198543759851816	36.0	22.198543759851816
634	58.363912878092115	36.0	22.363912878092115
635	58.36430956681728	36.0	22.364309566817283
636	58.46106862646754	36.0	22.461068626467537
637	58.50446657916229	36.0	22.50446657916229
638	58.505001779287404	36.0	22.505001779287404
639	58.57950200138406	36.0	22.579502001384057
640	58.67751124523021	36.0	22.677511245230207
641	58.907765261682435	36.0	22.907765261682435
642	58.94973377427394	36.0	22.949733774273938
643	58.950045827740205	36.0	22.950045827740205
644	59.0541202517054	36.0	23.0541202517054
645	59.05584808179136	36.0	23.05584808179136
646	59.12338804179754	36.0	23.12338804179754
647	59.12632707932136	36.0	23.126327079321356
648	59.3342004310544	36.0	23.3342004310544
649	59.51379375788578	36.0	23.51379375788578
650	59.514128668247345	36.0	23.514128668247345
651	59.67007201568225	36.0	23.67007201568225
652	59.76763616293346	36.0	23.767636162933456
653	59.97786434322396	36.0	23.977864343223963
654	60.28802775844142	36.0	24.288027758441423
655	60.288172669849814	36.0	24.288172669849814
656	60.52966121595674	36.0	24.529661215956743
657	60.529694737701114	36.0	24.529694737701114
658	60.763595245609004	36.0	24.763595245609004
659	60.92057870973707	36.0	24.92057870973707
660	61.031035529656684	36.0	25.031035529656684
661	61.81811268822239	36.0	25.818112688222392
662	61.8397965317476	36.0	25.839796531747602
663	61.84451989994635	36.0	25.84451989994635
664	61.98525713068632	36.0	25.98525713068632
665	61.998288547251775	36.0	25.998288547251775
666	62.129101613782396	36.0	26.129101613782396
667	62.12918955243226	37.0	25.12918955243226
668	62.2434067859984	37.0	25.243406785998403
669	62.26024518475745	37.0	25.26024518475745
670	62.40964749921145	37.0	25.409647499211452
671	62.43621842846977	37.0	25.436218428469772
672	62.43866916538752	37.0	25.438669165387523
673	62.5012647977743	37.0	25.501264797774297
674	62.72491044476296	37.0	25.724910444762962
675	62.725192906886825	37.0	25.725192906886825
676	63.20598938903381	37.0	26.20598938903381
677	63.800213031407814	37.0	26.800213031407814
678	63.912623431371934	37.0	26.912623431371934
679	64.01737785557754	37.0	27.017377855577536
680	64.14803372845972	37.0	27.148033728459723
681	64.14814724046035	37.0	27.148147240460347
682	64.2793091350277	37.0	27.279309135027702
683	64.27965751732499	37.0	27.279657517324992
684	64.32107360783266	37.0	27.32107360783266
685	64.38120569683502	37.0	27.381205696835025
686	64.3821731673006	37.0	27.382173167300607
687	64.4082783563138	37.0	27.4082783563138
688	64.41384560668635	37.0	27.41384560668635
689	64.6297827989223	37.0	27.629782798922307
690	64.63166399074028	37.0	27.63166399074028
691	64.78556240204345	37.0	27.785562402043453
692	64.78744158760277	37.0	27.78744158760277
693	65.57198129573652	37.0	28.57198129573652
694	65.62579945832854	37.0	28.625799458328544
695	65.62775459599553	37.0	28.627754595995526
696	65.69942769648961	37.0	28.699427696489607
697	65.71476580651066	37.0	28.714765806510655
698	65.78039474382544	37.0	28.78039474382544
699	65.78600879627572	37.0	28.786008796275723
700	65.79284687829244	37.0	28.792846878292437
701	65.79643361128672	37.0	28.796433611286716
702	66.28529654741389	37.0	29.285296547413893
703	66.2858451392735	37.0	29.285845139273505
704	66.47971260478066	38.0	28.47971260478066
705	66.49090027654567	38.0	28.490900276545673
706	66.49223087073864	38.0	28.492230870738638
707	66.5977232224479	38.0	28.597723222447897
708	66.66552792966729	38.0	28.66552792966729
709	66.77099957895375	38.0	28.77099957895375
710	66.77259593994306	38.0	28.77259593994306
711	66.87543735300662	38.0	28.875437353006618
712	66.93453637487505	38.0	28.93453637487505
713	67.22657012962142	38.0	29.22657012962142
714	67.38883382609761	38.0	29.38883382609761
715	67.38915277145796	38.0	29.389152771457958
716	67.43521606048218	38.0	29.435216060482176
717	67.43567154782504	38.0	29.435671547825038
718	67.57852940734215	38.0	29.578529407342145
719	67.73821546553486	38.0	29.738215465534864
720	67.74314577489274	38.0	29.74314577489274
721	67.9064042187818	38.0	29.9064042187818
722	67.97644006004013	38.0	29.976440060040133
723	67.97905284012279	38.0	29.97905284012279
724	67.99833554285277	38.0	29.99833554285277
725	68.31171171995557	38.0	30.311711719955568
726	68.31185499795377	38.0	30.311854997953773
727	68.4377986035376	38.0	30.4377986035376
728	68.44313331716651	38.0	30.443133317166513
729	68.78213575417283	38.0	30.782135754172828
730	68.98294783317097	38.0	30.982947833170968
731	68.9837281963132	38.0	30.983728196313194
732	69.2072302237559	38.0	31.2072302237559
733	69.24789947798192	38.0	31.247899477981917
734	69.24816860225151	38.0	31.24816860225151
735	69.28040293296168	38.0	31.280402932961678
736	69.43357817148372	38.0	31.433578171483717
737	69.4697198545696	38.0	31.469719854569604
738	69.67239200266903	38.0	31.672392002669028
739	69.67364553421821	38.0	31.67364553421821
740	69.74846821444365	38.0	31.748468214443648
741	69.86191312079225	38.0	31.861913120792252
742	69.86228545637944	39.0	30.86228545637944
743	70.04444277845197	39.0	31.044442778451966
744	70.16303097369153	39.0	31.163030973691534
745	70.25242546234642	39.0	31.252425462346423
746	70.25254021712547	39.0	31.25254021712547
747	70.29424852923248	39.0	31.294248529232476
748	70.59578311096453	39.0	31.595783110964533
749	71.04123629549595	39.0	32.04123629549595
750	71.18894166738365	39.0	32.188941667383645
751	71.19163036432563	39.0	32.19163036432563
752	71.22387550124957	39.0	32.223875501249566
753	71.2677048878532	39.0	32.2677048878532
754	71.3309600410003	39.0	32.330960041000296
755	71.33132449490418	39.0	32.33132449490418
756	71.39350540198029	39.0	32.39350540198029
757	71.4441761138525	39.0	32.44417611385251
758	71.44520057696519	39.0	32.44520057696519
759	71.53020138879296	39.0	32.53020138879296
760	71.71409344450701	39.0	32.714093444507014
761	72.0662399529094	39.0	33.0662399529094
762	72.10214473878278	39.0	33.10214473878278
763	72.10543299097358	39.0	33.10543299097358
764	72.3370731894264	39.0	33.337073189426405
765	72.46488120625179	39.0	33.46488120625179
766	72.59472808384044	39.0	33.59472808384044
767	72.60418168830256	39.0	33.60418168830256
768	72.61327375492499	39.0	33.61327375492499
769	73.6824815894008	39.0	34.682481589400794
770	73.87542482707077	39.0	34.87542482707077
771	73.92458997735662	39.0	34.92458997735662
772	73.92484304054342	39.0	34.92484304054342
773	74.1869312376099	39.0	35.1869312376099
774	74.18701725493784	39.0	35.18701725493784
775	74.44408460606995	39.0	35.44408460606995
776	74.72353478869958	39.0	35.72353478869958
777	75.15884692003334	39.0	36.15884692003334
778	75.15887989839058	39.0	36.15887989839058
779	75.4459602572763	39.0	36.4459602572763
780	75.44649904764411	39.0	36.44649904764411
781	75.63509700771593	40.0	35.63509700771593
782	75.72127007759941	40.0	35.721270077599414
783	75.78337476189074	40.0	35.78337476189074
784	75.89150004871098	40.0	35.89150004871098
785	76.33215948877702	40.0	36.33215948877702
786	76.4994518670397	40.0	36.499451867039696
787	76.50285647097363	40.0	36.502856470973626
788	76.51392010156401	40.0	36.51392010156401
789	76.52355340470423	40.0	36.52355340470423
790	76.58954452984766	40.0	36.58954452984766
791	76.67400227008868	40.0	36.67400227008868
792	76.67470553619745	40.0	36.67470553619745
793	77.03767878116194	40.0	37.037678781161944
794	77.0380933794563	40.0	37.0380933794563
795	77.17647942804085	40.0	37.17647942804085
796	77.58607503181942	40.0	37.58607503181942
797	77.73915593158502	40.0	37.73915593158502
798	77.75356898894644	40.0	37.75356898894644
799	77.76333075969963	40.0	37.76333075969963
800	77.9776430164824	40.0	37.9776430164824
801	78.8398553319296	40.0	38.8398553319296
802	78.85460167532531	40.0	38.85460167532531
803	78.86605752751015	40.0	38.86605752751015
804	78.99095830002884	40.0	38.99095830002884
805	80.27666805060193	40.0	40.27666805060193
806	80.39867754527555	40.0	40.39867754527555
807	80.4142772676254	40.0	40.414277267625394
808	80.41905163004971	40.0	40.41905163004971
809	80.50425290944206	40.0	40.50425290944206
810	80.55581399968483	40.0	40.55581399968483
811	80.68683016299073	40.0	40.68683016299073
812	80.6878636928933	40.0	40.6878636928933
813	81.2853945042558	40.0	41.285394504255805
814	81.28546653064282	40.0	41.28546653064282
815	81.9502331660156	40.0	41.95023316601559
816	82.15862214057334	40.0	42.15862214057334
817	82.88191013951818	40.0	42.88191013951818
818	82.88473591064728	40.0	42.88473591064728
819	82.93791214627198	40.0	42.937912146271984
820	83.18522298239654	40.0	43.18522298239654
821	83.2282665518703	41.0	42.228266551870306
822	83.34175672978483	41.0	42.341756729784834
823	83.34484009818787	41.0	42.34484009818787
824	83.43080641567596	41.0	42.43080641567596
825	84.56449341311216	41.0	43.56449341311216
826	84.73325646170245	41.0	43.73325646170245
827	84.73531294884634	41.0	43.73531294884634
828	84.88758132929115	41.0	43.88758132929115
829	85.14377448462214	41.0	44.14377448462214
830	85.14628178644874	41.0	44.14628178644874
831	85.19720859259075	41.0	44.197208592590755
832	85.42369486901443	41.0	44.423694869014426
833	85.62522705111135	41.0	44.62522705111135
834	85.62618655934673	41.0	44.626186559346735
835	85.7304126200253	41.0	44.730412620025305
836	85.91085153275415	41.0	44.91085153275415
837	87.78454582079125	41.0	46.78454582079125
838	87.78481888307478	41.0	46.78481888307478
839	88.06881420338098	41.0	47.06881420338098
840	88.26690865723657	41.0	47.26690865723657
841	89.08290521632782	41.0	48.082905216327816
842	89.18261246856835	41.0	48.18261246856835
843	89.19057725432344	41.0	48.19057725432344
844	89.21885049724827	41.0	48.21885049724827
845	90.45649187567108	41.0	49.45649187567108
846	90.65495087205404	41.0	49.654950872054044
847	90.65671384141008	41.0	49.65671384141008
848	90.89189605474277	41.0	49.89189605474277
849	90.9886645280557	41.0	49.98866452805569
850	90.98907639425829	41.0	49.98907639425829
851	91.09520607425688	41.0	50.09520607425688
852	91.12649974752924	41.0	50.12649974752924
853	92.90747701093063	41.0	51.907477010930634
854	92.90786286508457	41.0	51.90786286508457
855	93.08955017070522	41.0	52.08955017070522
856	93.17960615254988	41.0	52.17960615254988
857	93.96431356502008	41.0	52.96431356502008
858	93.96448450354592	41.0	52.96448450354592
859	94.18596111299028	41.0	53.185961112990285
860	94.22010823637636	41.0	53.22010823637636
861	95.79932098947955	41.0	54.799320989479554
862	95.80214083048014	42.0	53.80214083048014
863	95.85373160172679	42.0	53.85373160172679
864	95.95989245584306	42.0	53.95989245584306
865	98.1760167686035	42.0	56.1760167686035
866	98.24489914159143	42.0	56.24489914159143
867	98.24895497020249	42.0	56.24895497020249
868	98.45842799928243	42.0	56.458427999282435
869	100.42114557486244	42.0	58.421145574862436
870	100.42191324816432	42.0	58.421913248164316
871	100.45319841349588	42.0	58.45319841349588
872	100.45486688793751	42.0	58.45486688793751
873	100.51345129284412	42.0	58.513451292844124
874	100.51378810789845	42.0	58.51378810789845
875	100.67212173116123	42.0	58.672121731161226
876	100.73428016993206	42.0	58.73428016993206
877	104.15810812402256	42.0	62.15810812402256
878	104.15821771553816	42.0	62.15821771553816
879	104.44255530981859	42.0	62.44255530981859
880	104.46490803300941	42.0	62.46490803300941
881	107.86633378630007	42.0	65.86633378630007
882	107.99809927024424	42.0	65.99809927024424
883	108.00156318225405	42.0	66.00156318225405
884	108.14426559228541	42.0	66.14426559228541
885	108.19881775320162	42.0	66.19881775320162
886	108.21967868318991	42.0	66.21967868318991
887	108.23213617028652	42.0	66.23213617028652
888	108.36482251524951	42.0	66.36482251524951
889	114.5164905718163	42.0	72.5164905718163
890	114.51685592600755	42.0	72.51685592600755
891	114.73683236234905	42.0	72.73683236234905
892	114.82678613265811	42.0	72.82678613265811
893	117.34475607698937	42.0	75.34475607698937
894	117.40992290722788	42.0	75.40992290722788
895	117.41873750111101	42.0	75.41873750111101
896	117.46762150232624	42.0	75.46762150232624
897	126.59585933053287	42.0	84.59585933053287
898	126.59684830223313	42.0	84.59684830223313
899	126.70234792846442	42.0	84.70234792846442
900	126.75596143821068	42.0	84.75596143821068
