0.887499196742721
0.230123420047941
0.712149737015053
0.435867912208416
0.763765437309884
0.102971694684649
0.589759228844241
0.309082870018993
0.949086246251343
0.168657965639403
0.654465003828989
0.493431050745364
0.851783329704521
0.0149537926207052
0.560335913485863
0.338506180130936
0.919907192684953
0.197837010482388
0.74223887280659
0.405657175604586
0.796051838868361
0.0705636925468237
0.619969959070582
0.278993725936614
0.979423338176481
0.138199272669255
0.686632672559346
0.461384967693308
0.842053720564021
0.055827069407424
0.511421287466873
0.356307656096584
0.901880526209581
0.247007343658075
0.701628695142051
0.415154204132525
0.77472879988996
0.123273581457188
0.574843653858026
0.292763698780695
0.965420792228514
0.183588669495088
0.634178483413192
0.482482823554244
0.874465537635581
0.0235368533808741
0.541514246482986
0.326093111402169
0.932335404253271
0.216674066193735
0.733670963267648
0.382990349862965
0.805062083549663
0.0928187114208053
0.607007516418652
0.260721437032362
0.997711016720524
0.151176859092059
0.66439303494348
0.452389873301911
0.817932767449153
0.0341559268121367
0.515996871964064
0.366243665098159
0.875327823030019
0.225814826593172
0.708636267656898
0.42461134871949
0.752449034482663
0.0995180646647886
0.585390788600604
0.29697134309516
0.944596214385911
0.156424839672304
0.643270192638115
0.49009901978332
0.848268904802132
0.0036981884158549
0.548163587983314
0.334198534755276
0.907613271820774
0.193407777224776
0.738846043251279
0.394523159267137
0.784856075843984
0.0672326096784399
0.615478971675468
0.266761559209936
0.975053946113893
0.126088693853634
0.675315314216995
0.45793229692842
0.832547570157386
0.0507152974992184
0.501426824682667
0.349731076337158
0.891855666767413
0.240400121458612
0.69209214461205
0.410011801162288
