   6.6445210081160576E-009
   3.7428425389407055E-008
   8.7605445864689615E-007
   1.4465730035713409E-006
   1.1575848980293574E-005
   1.4921708156909423E-005
   1.7753412675338767E-005
   5.8844214035186087E-005
   1.0998800708535600E-004
   2.6446880469790349E-004
   4.0246517287763806E-004
   1.0945072942888428E-003
   1.1636875647943602E-003
   1.3659611813516791E-003
   5.4380436699139334E-003
   6.5151027981112438E-003
   9.3335439918429478E-003
   1.5785684133017085E-002
   2.7193176793365217E-002
   4.8847845255964722E-002
   9.0851284863854465E-002
  0.11688842464609886     
  0.13691257657328229     
  0.21449956297430012     
  0.51149966859956220     
  0.63964632196428217     
  0.75864310392601486     
   2.2854075387155688     
   2.3251896386353734     
   7.8028419425500992     
