0	0	0	0
1	0.9998172802281146	1.0	0.0001827197718854423
2	1.176523365354463	2.0	0.8234766346455371
3	1.3484033977632546	2.0	0.6515966022367454
4	1.3484060236869082	3.0	1.6515939763130918
5	1.677108819101976	3.0	1.322891180898024
6	1.761776900450344	3.0	1.238223099549656
7	1.761782684152153	4.0	2.238217315847847
8	1.857714352767452	4.0	2.1422856472325478
9	1.88662286681794	4.0	2.11337713318206
10	2.0018258828295625	4.0	1.9981741171704375
11	2.001826049743133	5.0	2.998173950256867
12	2.3881456928846383	5.0	2.6118543071153617
13	2.388148169416201	5.0	2.611851830583799
14	2.4620788528233835	5.0	2.5379211471766165
15	2.6197300885472985	5.0	2.3802699114527015
16	2.727627457685134	6.0	3.272372542314866
17	2.736268126376868	6.0	3.263731873623132
18	2.7617247975935912	6.0	3.2382752024064088
19	2.761852496118704	6.0	3.238147503881296
20	2.993481314640259	6.0	3.006518685359741
21	3.0229064792999054	6.0	2.9770935207000946
22	3.0595180394617008	7.0	3.9404819605382992
23	3.283351113055212	7.0	3.716648886944788
24	3.2833918477745074	7.0	3.7166081522254926
25	3.325971816064391	7.0	3.674028183935609
26	3.345473751380902	7.0	3.654526248619098
27	3.5840348429440927	7.0	3.4159651570559073
28	3.8680374932289534	7.0	3.1319625067710466
29	3.8680424672730953	8.0	4.131957532726904
30	3.920939904328688	8.0	4.079060095671312
31	4.00074898502868	8.0	3.9992510149713203
32	4.00076466876251	8.0	3.9992353312374904
33	4.132053265565817	8.0	3.8679467344341827
34	4.13228843968293	8.0	3.86771156031707
35	4.153880522320855	8.0	3.846119477679145
36	4.302578734823468	8.0	3.6974212651765317
37	4.302581668498632	9.0	4.697418331501368
38	4.35338499895357	9.0	4.64661500104643
39	4.441227810321582	9.0	4.558772189678418
40	4.80867385321319	9.0	4.19132614678681
41	4.8086778919248765	9.0	4.1913221080751235
42	4.869863921305695	9.0	4.130136078694305
43	4.888592745390992	9.0	4.111407254609008
44	4.889059110119737	9.0	4.110940889880263
45	4.894650754074457	9.0	4.105349245925543
46	5.095473910803607	10.0	4.904526089196393
47	5.173375939117161	10.0	4.826624060882839
48	5.203235789854417	10.0	4.796764210145583
49	5.209826083171092	10.0	4.790173916828908
50	5.336655368421798	10.0	4.663344631578202
51	5.549796318517465	10.0	4.450203681482535
52	5.549804016894286	10.0	4.450195983105714
53	5.767986816872573	10.0	4.232013183127427
54	5.831458410801124	10.0	4.168541589198876
55	5.872977890264205	10.0	4.127022109735795
56	6.007638657774415	11.0	4.992361342225585
57	6.091229810679292	11.0	4.908770189320708
58	6.091253281410697	11.0	4.908746718589303
59	6.228386812465001	11.0	4.771613187534999
60	6.2350213558787	11.0	4.7649786441213
61	6.235070734940662	11.0	4.764929265059338
62	6.238918845063978	11.0	4.761081154936022
63	6.356917971816296	11.0	4.643082028183704
64	6.356983606911965	11.0	4.643016393088035
65	6.675743204138588	11.0	4.324256795861412
66	6.675819380368681	11.0	4.324180619631319
67	6.754690806451439	12.0	5.245309193548561
68	6.835693399122186	12.0	5.164306600877814
69	6.835741649993777	12.0	5.164258350006223
70	6.954663328806785	12.0	5.045336671193215
71	6.993697463521605	12.0	5.006302536478395
72	7.027978660565833	12.0	4.972021339434167
73	7.028053294737457	12.0	4.971946705262543
74	7.185139829554577	12.0	4.814860170445423
75	7.269718751045008	12.0	4.730281248954992
76	7.488891386138739	12.0	4.511108613861261
77	7.591469150398343	12.0	4.408530849601657
78	7.591492420020179	12.0	4.408507579979821
79	7.639362715348392	13.0	5.360637284651608
80	7.8363798377659775	13.0	5.1636201622340225
81	7.919255029254914	13.0	5.080744970745086
82	7.9823036138275345	13.0	5.0176963861724655
83	7.9825109441572755	13.0	5.0174890558427245
84	8.045258987487847	13.0	4.954741012512153
85	8.085890489241871	13.0	4.914109510758129
86	8.178471944541274	13.0	4.821528055458726
87	8.299289945691282	13.0	4.700710054308718
88	8.299342265275145	13.0	4.700657734724855
89	8.50733949399836	13.0	4.49266050600164
90	8.522297356383277	13.0	4.477702643616723
91	8.522409501789166	13.0	4.477590498210834
92	8.538271292973372	14.0	5.461728707026628
93	8.906668546812849	14.0	5.093331453187151
94	8.971834717840862	14.0	5.028165282159138
95	9.023987770174369	14.0	4.976012229825631
96	9.028700499303952	14.0	4.971299500696048
97	9.078946942873571	14.0	4.921053057126429
98	9.095300893714896	14.0	4.904699106285104
99	9.095439134712008	14.0	4.904560865287992
100	9.133080601942035	14.0	4.866919398057965
101	9.415533977014883	14.0	4.584466022985117
102	9.415552195740588	14.0	4.584447804259412
103	9.453184278981857	14.0	4.5468157210181435
104	9.453230902900568	14.0	4.546769097099432
105	9.558522366219277	14.0	4.441477633780723
106	9.625150000052221	15.0	5.374849999947779
107	9.625234349610956	15.0	5.374765650389044
108	9.864978687259763	15.0	5.135021312740237
109	9.879345132249496	15.0	5.120654867750504
110	9.95678959152156	15.0	5.043210408478441
111	9.95689857163322	15.0	5.04310142836678
112	10.175765080367194	15.0	4.824234919632806
113	10.264055906745584	15.0	4.735944093254416
114	10.264203253128766	15.0	4.735796746871234
115	10.357708506799904	15.0	4.642291493200096
116	10.408226538260985	15.0	4.591773461739015
117	10.41531862810543	15.0	4.58468137189457
118	10.560541278849144	15.0	4.4394587211508565
119	10.587953526911196	15.0	4.412046473088804
120	10.588186949214608	15.0	4.411813050785392
121	11.27987267956552	16.0	4.7201273204344805
122	11.280720402499142	16.0	4.719279597500858
123	11.297087277369382	16.0	4.702912722630618
124	11.313444879389431	16.0	4.686555120610569
125	11.338880130827286	16.0	4.661119869172714
126	11.36264526678726	16.0	4.6373547332127405
127	11.363272388815401	16.0	4.6367276111845985
128	11.556558011361885	16.0	4.443441988638115
129	11.659722786820138	16.0	4.340277213179862
130	11.66487593683084	16.0	4.335124063169159
131	11.664919816518594	16.0	4.335080183481406
132	11.726906834712498	16.0	4.273093165287502
133	11.758272941081696	16.0	4.241727058918304
134	11.758628737927339	16.0	4.241371262072661
135	11.81589663524251	16.0	4.18410336475749
136	11.839942499152182	16.0	4.1600575008478184
137	12.033679965971904	17.0	4.9663200340280955
138	12.033785577644878	17.0	4.966214422355122
139	12.162515412052526	17.0	4.837484587947474
140	12.198139761174145	17.0	4.801860238825855
141	12.356269252648694	17.0	4.643730747351306
142	12.439648635841598	17.0	4.560351364158402
143	12.440335684638061	17.0	4.559664315361939
144	12.445701291825864	17.0	4.5542987081741355
145	12.549631419058795	17.0	4.4503685809412055
146	12.688337218272816	17.0	4.311662781727184
147	12.688352241953066	17.0	4.311647758046934
148	12.817965184123784	17.0	4.182034815876216
149	12.99021332958694	17.0	4.00978667041306
150	13.075416914325102	17.0	3.9245830856748984
151	13.115271923895197	17.0	3.8847280761048033
152	13.266581539117382	17.0	3.7334184608826178
153	13.266634041330258	17.0	3.733365958669742
154	13.289740648892668	18.0	4.710259351107332
155	13.321350432544804	18.0	4.678649567455196
156	13.32186084771286	18.0	4.678139152287139
157	13.580302430308885	18.0	4.419697569691115
158	13.64791626068892	18.0	4.35208373931108
159	13.812408043544645	18.0	4.187591956455355
160	13.81246496521117	18.0	4.18753503478883
161	13.826337222956637	18.0	4.173662777043363
162	14.163042472735796	18.0	3.836957527264204
163	14.163274657657812	18.0	3.836725342342188
164	14.271971151008186	18.0	3.728028848991814
165	14.503249053442257	18.0	3.496750946557743
166	14.548364613472094	18.0	3.451635386527906
167	14.55047852508257	18.0	3.4495214749174306
168	14.557589129426475	18.0	3.442410870573525
169	14.61560575291346	18.0	3.38439424708654
170	14.654345891508648	18.0	3.3456541084913525
171	14.696026022825734	18.0	3.303973977174266
172	14.696406028054126	19.0	4.303593971945874
173	14.738200861824955	19.0	4.261799138175045
174	14.762726294324146	19.0	4.237273705675854
175	14.775010603513337	19.0	4.224989396486663
176	14.7753906191177	19.0	4.224609380882301
177	15.337493434750352	19.0	3.6625065652496485
178	15.33998231277367	19.0	3.660017687226331
179	15.346832613392674	19.0	3.6531673866073255
180	15.506144986406813	19.0	3.493855013593187
181	15.507072286263812	19.0	3.4929277137361883
182	15.513909240544114	19.0	3.4860907594558856
183	15.580362749575913	19.0	3.4196372504240866
184	15.744885478495405	19.0	3.255114521504595
185	15.876566520687001	19.0	3.1234334793129985
186	15.974824716146335	19.0	3.025175283853665
187	15.994509812970946	19.0	3.0054901870290536
188	15.995304592135046	19.0	3.004695407864954
189	16.063842514243422	19.0	2.9361574857565778
190	16.0638823039146	19.0	2.9361176960854003
191	16.126040603633513	20.0	3.8739593963664873
192	16.179491680013722	20.0	3.8205083199862777
193	16.180619310743207	20.0	3.8193806892567927
194	16.20364258360202	20.0	3.7963574163979814
195	16.39290870373161	20.0	3.60709129626839
196	16.39297015386901	20.0	3.6070298461309918
197	16.418310016561556	20.0	3.5816899834384444
198	16.45097297842909	20.0	3.549027021570911
199	16.551074707552587	20.0	3.448925292447413
200	16.655667728048847	20.0	3.344332271951153
201	16.845274501452852	20.0	3.1547254985471476
202	16.84718925027921	20.0	3.152810749720789
203	16.851212830191795	20.0	3.1487871698082053
204	16.898310657148233	20.0	3.101689342851767
205	17.019626398664233	20.0	2.980373601335767
206	17.221816811352035	20.0	2.778183188647965
207	17.298490620254302	20.0	2.7015093797456977
208	17.298805080180188	20.0	2.7011949198198124
209	17.82308046138607	20.0	2.17691953861393
210	17.908384231924966	20.0	2.091615768075034
211	17.909208282810233	21.0	3.0907917171897665
212	17.933421309056754	21.0	3.0665786909432455
213	17.984607213963628	21.0	3.0153927860363723
214	17.985097429854683	21.0	3.014902570145317
215	18.06076241757229	21.0	2.9392375824277117
216	18.061029326243137	21.0	2.938970673756863
217	18.43916105997765	21.0	2.56083894002235
218	18.481861282237496	21.0	2.518138717762504
219	18.484671949698384	21.0	2.5153280503016155
220	18.496189963446753	21.0	2.503810036553247
221	18.70916231106045	21.0	2.2908376889395505
222	18.793910963465347	21.0	2.206089036534653
223	18.904326032505306	21.0	2.095673967494694
224	18.904740097227567	21.0	2.0952599027724332
225	18.95392353342651	21.0	2.0460764665734885
226	18.96399968153262	21.0	2.03600031846738
227	19.094006975156947	21.0	1.9059930248430526
228	19.105004477299033	21.0	1.8949955227009667
229	19.11615926949771	21.0	1.883840730502289
230	19.116989272007135	21.0	1.8830107279928647
231	19.284713585036794	21.0	1.7152864149632059
232	19.380670193141526	22.0	2.619329806858474
233	19.380675076561765	22.0	2.619324923438235
234	19.442789855250215	22.0	2.557210144749785
235	19.442901203719508	22.0	2.557098796280492
236	19.63030134971776	22.0	2.3696986502822384
237	19.631453374133702	22.0	2.3685466258662977
238	19.632393997023794	22.0	2.3676060029762063
239	19.645250587155946	22.0	2.354749412844054
240	19.682915149349615	22.0	2.317084850650385
241	19.713561251252962	22.0	2.286438748747038
242	19.82028422163087	22.0	2.179715778369129
243	19.895745812498085	22.0	2.1042541875019154
244	19.966396040135635	22.0	2.033603959864365
245	19.96655510030383	22.0	2.033444899696171
246	20.006307311314284	22.0	1.9936926886857158
247	20.008805688285094	22.0	1.9911943117149065
248	20.019886281383055	22.0	1.9801137186169449
249	20.49882059636798	22.0	1.501179403632019
250	20.507046863001534	22.0	1.4929531369984659
251	20.510614231161398	22.0	1.489385768838602
252	20.62470028650916	22.0	1.3752997134908398
253	20.636078572947586	22.0	1.3639214270524143
254	20.742206503645026	23.0	2.2577934963549744
255	20.893781956031766	23.0	2.1062180439682336
256	20.893882244469125	23.0	2.1061177555308745
257	21.606110377670657	23.0	1.3938896223293433
258	21.613212365647964	23.0	1.3867876343520358
259	21.624963036388255	23.0	1.3750369636117448
260	21.625842491313016	23.0	1.3741575086869844
261	21.654813681987356	23.0	1.3451863180126438
262	21.655034259290193	23.0	1.3449657407098066
263	21.76850021228565	23.0	1.2314997877143483
264	21.768578655856984	23.0	1.2314213441430155
265	21.842954849524347	23.0	1.1570451504756534
266	21.870098267160415	23.0	1.1299017328395848
267	21.917660658247556	23.0	1.0823393417524443
268	22.027228644414354	23.0	0.9727713555856461
269	22.28914188109417	23.0	0.7108581189058292
270	22.343445196432246	23.0	0.6565548035677544
271	22.4162537746196	23.0	0.5837462253803984
272	22.416849346063238	23.0	0.5831506539367624
273	22.506823819570094	23.0	0.49317618042990574
274	22.63388816757447	23.0	0.36611183242553125
275	22.63444172087824	23.0	0.3655582791217604
276	22.717043510450264	23.0	0.2829564895497363
277	22.75805784049048	24.0	1.2419421595095201
278	22.769561995692268	24.0	1.2304380043077323
279	22.770309584416626	24.0	1.2296904155833737
280	22.782680665754675	24.0	1.2173193342453246
281	23.405135727005735	24.0	0.5948642729942648
282	23.42608510182613	24.0	0.5739148981738715
283	23.427212652896763	24.0	0.5727873471032368
284	23.428626454077328	24.0	0.5713735459226719
285	23.44248880305522	24.0	0.5575111969447804
286	23.571587621122962	24.0	0.428412378877038
287	23.57192066032372	24.0	0.4280793396762803
288	23.664422183781433	24.0	0.3355778162185672
289	23.67442398062417	24.0	0.3255760193758306
290	23.679630888234225	24.0	0.32036911176577476
291	23.68014030908593	24.0	0.3198596909140683
292	23.700196738584772	24.0	0.29980326141522795
293	23.79251951089888	24.0	0.20748048910111905
294	23.811649325395226	24.0	0.18835067460477362
295	23.8117985150365	24.0	0.18820148496349987
296	23.824135542347985	24.0	0.17586445765201475
297	23.914573064816533	24.0	0.08542693518346667
298	24.08371734246652	24.0	0.08371734246652096
299	24.132054201655432	24.0	0.13205420165543202
300	24.13292742493081	24.0	0.13292742493080922
301	24.728011364896307	25.0	0.27198863510369264
302	24.77006903319171	25.0	0.22993096680828984
303	24.771434323286595	25.0	0.228565676713405
304	24.785276412725263	25.0	0.21472358727473662
305	24.80235181883377	25.0	0.19764818116622962
306	24.841161203137535	25.0	0.15883879686246516
307	24.937768611048387	25.0	0.06223138895161284
308	25.013143534197898	25.0	0.013143534197897822
309	25.013565619728	25.0	0.013565619727998524
310	25.09176033780012	25.0	0.09176033780012105
311	25.187727827818517	25.0	0.1877278278185166
312	25.18779409228405	25.0	0.18779409228405086
313	25.332704029267607	25.0	0.33270402926760667
314	25.418057572192307	25.0	0.418057572192307
315	25.43672124395608	25.0	0.4367212439560788
316	25.438570713986827	25.0	0.43857071398682734
317	25.68664226790604	25.0	0.6866422679060413
318	25.744285258583155	25.0	0.7442852585831545
319	25.832764445358176	25.0	0.8327644453581762
320	25.83988336298197	25.0	0.8398833629819684
321	25.968143641750608	25.0	0.9681436417506077
322	25.968373866923088	25.0	0.9683738669230877
323	26.013097313862172	25.0	1.013097313862172
324	26.01322801300104	25.0	1.01322801300104
325	26.165963019996553	25.0	1.1659630199965534
326	26.31329213018056	26.0	0.31329213018056024
327	26.39278944990859	26.0	0.3927894499085909
328	26.39282676738891	26.0	0.392826767388911
329	26.530483964082443	26.0	0.5304839640824426
330	26.667957645388466	26.0	0.6679576453884657
331	26.71268189076399	26.0	0.7126818907639887
332	26.71350388976701	26.0	0.7135038897670114
333	27.48200411134275	26.0	1.48200411134275
334	27.48856223143951	26.0	1.4885622314395093
335	27.50035922827245	26.0	1.5003592282724512
336	27.50688277192689	26.0	1.5068827719268896
337	27.86566169135757	26.0	1.8656616913575697
338	27.866711601269145	26.0	1.8667116012691451
339	27.89508373012193	26.0	1.8950837301219288
340	27.931952658015323	26.0	1.931952658015323
341	27.964348601398772	26.0	1.9643486013987719
342	27.965032152702175	26.0	1.9650321527021752
343	27.977319925301448	26.0	1.9773199253014475
344	28.005988478690625	26.0	2.0059884786906252
345	28.12458717809465	26.0	2.12458717809465
346	28.230930298376673	26.0	2.2309302983766734
347	28.23095976969353	26.0	2.2309597696935306
348	28.36902034509621	26.0	2.36902034509621
349	28.37108451759886	26.0	2.3710845175988595
350	28.38265497379401	26.0	2.3826549737940113
351	28.51891784831368	26.0	2.5189178483136807
352	28.52108018148721	27.0	1.5210801814872106
353	28.543274866604246	27.0	1.5432748666042464
354	28.553941520750055	27.0	1.5539415207500547
355	28.55839025192625	27.0	1.5583902519262516
356	28.610261167973185	27.0	1.610261167973185
357	28.692091172369707	27.0	1.6920911723697074
358	28.86633201362793	27.0	1.8663320136279289
359	28.86759826212625	27.0	1.8675982621262506
360	28.891366968594745	27.0	1.8913669685947454
361	28.96030783569207	27.0	1.9603078356920705
362	28.9603646022534	27.0	1.9603646022533994
363	29.078860124055176	27.0	2.0788601240551756
364	29.11037239138308	27.0	2.1103723913830805
365	29.19203885753252	27.0	2.19203885753252
366	29.269670473685498	27.0	2.2696704736854976
367	29.27044053444645	27.0	2.2704405344464504
368	29.291714491771078	27.0	2.291714491771078
369	29.587799859966804	27.0	2.587799859966804
370	29.624422491813693	27.0	2.624422491813693
371	29.62561538119968	27.0	2.6256153811996796
372	29.701983024787573	27.0	2.701983024787573
373	29.73736859977305	27.0	2.737368599773049
374	29.77231283884609	27.0	2.7723128388460907
375	29.81491205010245	27.0	2.81491205010245
376	29.81500550555891	27.0	2.8150055055589114
377	30.18927975001423	27.0	3.1892797500142294
378	30.189406229375034	27.0	3.1894062293750345
379	30.274774801691674	28.0	2.274774801691674
380	30.303587260427193	28.0	2.303587260427193
381	30.343511168553988	28.0	2.343511168553988
382	30.34394021693223	28.0	2.3439402169322285
383	30.42749468022128	28.0	2.4274946802212796
384	30.53601042384784	28.0	2.5360104238478414
385	30.967615337961153	28.0	2.9676153379611527
386	30.972237856574807	28.0	2.9722378565748073
387	30.98039295171885	28.0	2.9803929517188514
388	31.096985662991877	28.0	3.0969856629918766
389	31.097279733375416	28.0	3.097279733375416
390	31.24819273124013	28.0	3.248192731240131
391	31.248427449746128	28.0	3.248427449746128
392	31.56006499606852	28.0	3.560064996068519
393	32.06619047574164	28.0	4.066190475741642
394	32.11638209163547	28.0	4.116382091635472
395	32.1483437976027	28.0	4.148343797602699
396	32.33335719809683	28.0	4.333357198096827
397	32.33341828672921	28.0	4.333418286729213
398	32.378881733884825	28.0	4.378881733884825
399	32.38058321399487	28.0	4.380583213994868
400	32.42286013387581	28.0	4.422860133875808
401	32.54461524565817	28.0	4.544615245658171
402	32.55487868321943	28.0	4.554878683219428
403	32.59435654087	28.0	4.5943565408700024
404	32.6418998214617	28.0	4.641899821461699
405	32.64298638804528	28.0	4.64298638804528
406	32.674583408546376	28.0	4.6745834085463756
407	32.7901349093007	29.0	3.790134909300697
408	32.85003856177908	29.0	3.8500385617790798
409	32.85017261653596	29.0	3.850172616535957
410	32.864319641877834	29.0	3.8643196418778345
411	32.92925013560992	29.0	3.9292501356099194
412	32.930054681645714	29.0	3.9300546816457143
413	33.17833507886058	29.0	4.178335078860577
414	33.21178183352325	29.0	4.211781833523247
415	33.24762759425933	29.0	4.247627594259328
416	33.265299986343585	29.0	4.265299986343585
417	33.26546126119304	29.0	4.265461261193039
418	33.41861096109531	29.0	4.418610961095311
419	33.47530122516464	29.0	4.4753012251646425
420	33.48510629277792	29.0	4.485106292777921
421	33.48967484005108	29.0	4.48967484005108
422	33.59074113268528	29.0	4.590741132685281
423	33.60905414510637	29.0	4.60905414510637
424	33.60959191710464	29.0	4.609591917104638
425	33.699863017843875	29.0	4.6998630178438745
426	33.732727984909204	29.0	4.732727984909204
427	33.85989247131235	29.0	4.8598924713123495
428	33.8603317035633	29.0	4.860331703563297
429	34.00943158237215	29.0	5.009431582372152
430	34.193621339005325	29.0	5.193621339005325
431	34.19365090284109	29.0	5.193650902841092
432	34.37848485541497	29.0	5.378484855414968
433	34.688502279085434	29.0	5.688502279085434
434	34.71474710137893	29.0	5.714747101378933
435	34.73804630519604	29.0	5.738046305196043
436	34.73868303844077	30.0	4.738683038440769
437	34.813906657598764	30.0	4.813906657598764
438	34.82163411995287	30.0	4.8216341199528685
439	34.95888775652904	30.0	4.9588877565290375
440	34.95893877358687	30.0	4.958938773586873
441	35.06227512612874	30.0	5.062275126128739
442	35.08327375125997	30.0	5.0832737512599735
443	35.17163257742025	30.0	5.171632577420247
444	35.17189371308537	30.0	5.1718937130853675
445	35.22353172095458	30.0	5.223531720954583
446	35.22409797006837	30.0	5.224097970068371
447	35.24969139779835	30.0	5.249691397798351
448	35.25029296207521	30.0	5.250292962075207
449	36.079991587296455	30.0	6.079991587296455
450	36.080637068677696	30.0	6.080637068677696
451	36.08377856278319	30.0	6.083778562783188
452	36.10483413480825	30.0	6.10483413480825
453	36.18364026264217	30.0	6.183640262642172
454	36.188571640057454	30.0	6.188571640057454
455	36.190045928459405	30.0	6.190045928459405
456	36.1939547466741	30.0	6.193954746674102
457	36.28176550993107	30.0	6.28176550993107
458	36.284738892591356	30.0	6.284738892591356
459	36.51297798988391	30.0	6.5129779898839075
460	36.51319499202428	30.0	6.513194992024282
461	36.634467522555966	30.0	6.6344675225559655
462	36.66227433781247	30.0	6.66227433781247
463	36.6675224748049	30.0	6.667522474804898
464	36.67663043488133	30.0	6.676630434881332
465	36.76410990928675	30.0	6.764109909286752
466	36.880586272077274	31.0	5.880586272077274
467	36.88435500621158	31.0	5.884355006211578
468	36.89748688980469	31.0	5.897486889804689
469	37.67135788749824	31.0	6.671357887498239
470	37.67168412629983	31.0	6.67168412629983
471	37.76162976348487	31.0	6.761629763484869
472	37.76484605213166	31.0	6.764846052131659
473	37.79126006224265	31.0	6.7912600622426496
474	37.79232778417471	31.0	6.792327784174709
475	37.884304411395284	31.0	6.884304411395284
476	38.032921769612884	31.0	7.032921769612884
477	38.11777509101564	31.0	7.117775091015638
478	38.183019620494335	31.0	7.183019620494335
479	38.2655717900761	31.0	7.265571790076102
480	38.26657445947978	31.0	7.266574459479777
481	38.33921252218289	31.0	7.3392125221828906
482	38.37460187749404	31.0	7.374601877494037
483	38.440415791964796	31.0	7.440415791964796
484	38.44218292297053	31.0	7.442182922970531
485	38.47322562332445	31.0	7.473225623324453
486	38.542186400438815	31.0	7.5421864004388155
487	38.6119392705697	31.0	7.6119392705696995
488	38.61280299450416	31.0	7.6128029945041575
489	39.262397818092005	31.0	8.262397818092005
490	39.26952933093257	31.0	8.26952933093257
491	39.28216077096052	31.0	8.282160770960523
492	39.32188903677454	31.0	8.321889036774543
493	39.63386248234475	31.0	8.633862482344753
494	39.6943155407376	31.0	8.694315540737598
495	39.77726104861225	31.0	8.777261048612253
496	39.82168032760108	31.0	8.82168032760108
497	39.822626250814146	32.0	7.822626250814146
498	39.857144182191725	32.0	7.857144182191725
499	39.85728565231357	32.0	7.857285652313571
500	40.039669520610005	32.0	8.039669520610005
501	40.140163559284154	32.0	8.140163559284154
502	40.14067324549145	32.0	8.140673245491449
503	40.16292527732038	32.0	8.162925277320383
504	40.163220680204724	32.0	8.163220680204724
505	40.170660503053725	32.0	8.170660503053725
506	40.2308546979496	32.0	8.230854697949603
507	40.30769388470849	32.0	8.307693884708492
508	40.36906850536595	32.0	8.369068505365952
509	40.36995335925084	32.0	8.369953359250843
510	40.38865136014412	32.0	8.388651360144117
511	40.4011267549028	32.0	8.401126754902798
512	40.50160733179804	32.0	8.501607331798041
513	40.50185951413624	32.0	8.501859514136243
514	40.627886991709374	32.0	8.627886991709374
515	40.65607840086256	32.0	8.656078400862562
516	40.727292584404225	32.0	8.727292584404225
517	40.72841190792807	32.0	8.72841190792807
518	40.735545125720364	32.0	8.735545125720364
519	40.819728526476815	32.0	8.819728526476815
520	40.82020957195997	32.0	8.820209571959971
521	40.94264356102194	32.0	8.942643561021939
522	40.98578112059217	32.0	8.985781120592172
523	40.98707556310666	32.0	8.987075563106657
524	41.08206798060595	32.0	9.082067980605949
525	41.28766348763074	32.0	9.287663487630738
526	41.42603228532575	32.0	9.426032285325753
527	41.52974103849129	32.0	9.529741038491288
528	41.57199074431055	32.0	9.571990744310547
529	41.5723430943964	33.0	8.572343094396402
530	41.675484981586045	33.0	8.675484981586045
531	41.75728170461585	33.0	8.757281704615849
532	41.758188347296034	33.0	8.758188347296034
533	41.99591823849679	33.0	8.995918238496792
534	42.01758800480858	33.0	9.01758800480858
535	42.08945452155898	33.0	9.089454521558977
536	42.221881175698115	33.0	9.221881175698115
537	42.22266319816423	33.0	9.222663198164227
538	42.343383718944644	33.0	9.343383718944644
539	42.45697923572081	33.0	9.456979235720809
540	42.45763614773996	33.0	9.457636147739962
541	43.09518554618102	33.0	10.095185546181021
542	43.09754934695937	33.0	10.097549346959369
543	43.108896417222674	33.0	10.108896417222674
544	43.16424644838968	33.0	10.164246448389683
545	43.2683824637782	33.0	10.268382463778202
546	43.26888311968337	33.0	10.268883119683373
547	43.32733561545336	33.0	10.327335615453357
548	43.32760639066017	33.0	10.327606390660172
549	43.88570760216596	33.0	10.885707602165958
550	43.94064958994284	33.0	10.940649589942844
551	43.993821640556575	33.0	10.993821640556575
552	44.014677604909274	33.0	11.014677604909274
553	44.015542387955364	33.0	11.015542387955364
554	44.21593200438824	33.0	11.215932004388243
555	44.21658431814572	33.0	11.21658431814572
556	44.38362201299823	33.0	11.38362201299823
557	44.59745419352541	33.0	11.597454193525408
558	44.64660466929222	33.0	11.646604669292223
559	44.64773628272196	33.0	11.647736282721958
560	44.708725888687	33.0	11.708725888686999
561	44.722332157912376	33.0	11.722332157912376
562	44.72809205112073	34.0	10.728092051120733
563	44.73477181105342	34.0	10.73477181105342
564	44.78983519220544	34.0	10.789835192205437
565	45.11579256048485	34.0	11.115792560484849
566	45.192788890947455	34.0	11.192788890947455
567	45.21113836532158	34.0	11.211138365321581
568	45.216037287131826	34.0	11.216037287131826
569	45.328963875838916	34.0	11.328963875838916
570	45.3638848157609	34.0	11.363884815760898
571	45.36827915584132	34.0	11.368279155841321
572	45.37182470609165	34.0	11.371824706091651
573	45.39462572616309	34.0	11.394625726163092
574	45.50727794393226	34.0	11.507277943932259
575	45.50944946327941	34.0	11.50944946327941
576	45.53992469861253	34.0	11.53992469861253
577	46.04646328535951	34.0	12.046463285359508
578	46.047045451823436	34.0	12.047045451823436
579	46.08453908516202	34.0	12.084539085162021
580	46.124924959546654	34.0	12.124924959546654
581	46.159814929946	34.0	12.159814929946002
582	46.160747840868	34.0	12.160747840867998
583	46.20768838299698	34.0	12.207688382996977
584	46.30379528984847	34.0	12.303795289848473
585	46.44961901384424	34.0	12.449619013844242
586	46.46651897985653	34.0	12.46651897985653
587	46.46690339651933	34.0	12.466903396519328
588	46.49805555048626	34.0	12.498055550486256
589	46.71019306564761	34.0	12.710193065647609
590	46.710879531955634	34.0	12.710879531955634
591	46.721991791685255	34.0	12.721991791685255
592	46.764208588894576	34.0	12.764208588894576
593	46.79675084806513	34.0	12.79675084806513
594	46.80675946119868	34.0	12.80675946119868
595	46.807803754853104	34.0	12.807803754853104
596	46.809366656720506	35.0	11.809366656720506
597	46.96410029803423	35.0	11.964100298034232
598	47.48672742874789	35.0	12.48672742874789
599	47.48674818302378	35.0	12.486748183023778
600	47.829481379829005	35.0	12.829481379829005
601	47.84823678554261	35.0	12.84823678554261
602	48.21392561955035	35.0	13.213925619550352
603	48.322651041962736	35.0	13.322651041962736
604	48.32331672282986	35.0	13.323316722829858
605	48.48235670806013	35.0	13.48235670806013
606	48.575045872331025	35.0	13.575045872331025
607	48.57515828501929	35.0	13.575158285019292
608	48.78081136795998	35.0	13.780811367959977
609	48.89352489937684	35.0	13.893524899376843
610	48.97196675015282	35.0	13.971966750152824
611	48.99988792786458	35.0	13.999887927864577
612	49.00162707175912	35.0	14.001627071759117
613	49.03389470458065	35.0	14.033894704580653
614	49.05470551712769	35.0	14.054705517127687
615	49.22255447049349	35.0	14.222554470493492
616	49.225048245674245	35.0	14.225048245674245
617	49.23304761205828	35.0	14.233047612058279
618	49.32293829899494	35.0	14.322938298994941
619	49.36052243661686	35.0	14.360522436616861
620	49.37271552020916	35.0	14.372715520209162
621	49.41693350759085	35.0	14.416933507590848
622	49.41728781499691	35.0	14.41728781499691
623	49.622549787562896	35.0	14.622549787562896
624	49.62878822616148	35.0	14.628788226161483
625	49.630416076261895	35.0	14.630416076261895
626	49.63513047366291	35.0	14.635130473662912
627	49.84913954772994	35.0	14.84913954772994
628	49.85190344279787	35.0	14.85190344279787
629	49.87966544321066	35.0	14.879665443210662
630	49.97085965387208	35.0	14.970859653872083
631	49.99813549940194	36.0	13.99813549940194
632	49.999367477108756	36.0	13.999367477108756
633	50.23039079039349	36.0	14.230390790393493
634	50.398502311888606	36.0	14.398502311888606
635	50.57101028846846	36.0	14.571010288468457
636	50.57172501429874	36.0	14.571725014298742
637	50.65443391234978	36.0	14.65443391234978
638	50.71811208944614	36.0	14.718112089446137
639	50.719040302119495	36.0	14.719040302119495
640	50.828053044624866	36.0	14.828053044624866
641	51.09920103139046	36.0	15.099201031390457
642	51.122217692915285	36.0	15.122217692915285
643	51.23442530580522	36.0	15.234425305805217
644	51.259510011518	36.0	15.259510011518003
645	51.268162621771324	36.0	15.268162621771324
646	51.27925878468	36.0	15.279258784680003
647	51.39536212012365	36.0	15.39536212012365
648	51.411209979350566	36.0	15.411209979350566
649	51.413285788509846	36.0	15.413285788509846
650	51.605220675686766	36.0	15.605220675686766
651	51.73608117639519	36.0	15.736081176395189
652	51.736279431873456	36.0	15.736279431873456
653	51.972641815274066	36.0	15.972641815274066
654	52.16620245121747	36.0	16.166202451217472
655	52.1851807383093	36.0	16.1851807383093
656	52.239352240607865	36.0	16.239352240607865
657	52.24000929233026	36.0	16.240009292330257
658	52.346137008202646	36.0	16.346137008202646
659	52.352730435940245	36.0	16.352730435940245
660	52.467444206461856	36.0	16.467444206461856
661	52.46753748542752	36.0	16.46753748542752
662	52.60736019565041	36.0	16.607360195650408
663	52.804360839268284	36.0	16.804360839268284
664	52.80469370235414	36.0	16.804693702354143
665	53.41531128954553	36.0	17.415311289545528
666	53.56045988362315	36.0	17.560459883623153
667	53.62359020142825	37.0	16.62359020142825
668	53.66310461935657	37.0	16.663104619356567
669	53.666361203723746	37.0	16.666361203723746
670	53.828590454564726	37.0	16.828590454564726
671	53.828998130037505	37.0	16.828998130037505
672	53.932452466601475	37.0	16.932452466601475
673	53.95134007874481	37.0	16.951340078744813
674	53.956829692809755	37.0	16.956829692809755
675	53.97650045803461	37.0	16.976500458034607
676	54.01600386146589	37.0	17.01600386146589
677	54.12841563731721	37.0	17.12841563731721
678	54.25626549855097	37.0	17.256265498550967
679	54.36872210933565	37.0	17.36872210933565
680	54.36960628337592	37.0	17.369606283375923
681	54.50682682641006	37.0	17.506826826410062
682	54.630005058952435	37.0	17.630005058952435
683	54.63158962119604	37.0	17.631589621196042
684	54.73609527299705	37.0	17.736095272997048
685	54.81958119276156	37.0	17.81958119276156
686	54.84647235784995	37.0	17.846472357849947
687	54.89168970917859	37.0	17.891689709178593
688	54.892842480152005	37.0	17.892842480152005
689	55.55068841626978	37.0	18.55068841626978
690	55.599878305693046	37.0	18.599878305693046
691	55.60189257733718	37.0	18.601892577337182
692	55.84224308374715	37.0	18.84224308374715
693	55.84425794202405	37.0	18.84425794202405
694	55.87424470250069	37.0	18.87424470250069
695	55.88972246155181	37.0	18.889722461551813
696	55.890297446327295	37.0	18.890297446327295
697	56.0245506166171	37.0	19.0245506166171
698	56.02552082198104	37.0	19.02552082198104
699	56.13497053750567	37.0	19.134970537505673
700	56.4867147922473	37.0	19.486714792247298
701	56.56940324477749	37.0	19.56940324477749
702	56.788601943655024	37.0	19.788601943655024
703	56.82530195424499	37.0	19.825301954244992
704	56.82552026788274	38.0	18.825520267882737
705	56.91567658609426	38.0	18.915676586094257
706	57.26161864978664	38.0	19.26161864978664
707	57.33962281650825	38.0	19.339622816508253
708	57.34646251522575	38.0	19.346462515225753
709	57.36329008887535	38.0	19.363290088875353
710	58.029479317780904	38.0	20.029479317780904
711	58.02961787915308	38.0	20.02961787915308
712	58.293993883581656	38.0	20.293993883581656
713	58.36038408111802	38.0	20.36038408111802
714	58.7198811228809	38.0	20.7198811228809
715	58.71998323993992	38.0	20.71998323993992
716	58.896010158765925	38.0	20.896010158765925
717	58.975779919988184	38.0	20.975779919988184
718	58.97938958564906	38.0	20.97938958564906
719	58.99435674538666	38.0	20.99435674538666
720	59.01067942582561	38.0	21.010679425825607
721	59.15420064707815	38.0	21.15420064707815
722	59.331057922677886	38.0	21.331057922677886
723	59.485016810840385	38.0	21.485016810840385
724	59.48598278143297	38.0	21.485982781432973
725	59.6091671817733	38.0	21.6091671817733
726	59.70062165363406	38.0	21.70062165363406
727	59.83421315993857	38.0	21.83421315993857
728	59.83426285101935	38.0	21.834262851019353
729	60.00937720751334	38.0	22.00937720751334
730	60.01076259676072	38.0	22.01076259676072
731	60.05390328481141	38.0	22.053903284811412
732	60.067699493960504	38.0	22.067699493960504
733	60.16146291533777	38.0	22.161462915337772
734	60.161913501507705	38.0	22.161913501507705
735	60.197273748336926	38.0	22.197273748336926
736	60.263861429705116	38.0	22.263861429705116
737	60.34238813993765	38.0	22.342388139937647
738	60.63629756527839	38.0	22.63629756527839
739	60.68623362636757	38.0	22.686233626367567
740	60.68760466542256	38.0	22.687604665422562
741	60.86470752703626	38.0	22.86470752703626
742	60.92089139310146	39.0	21.920891393101464
743	60.92638687140578	39.0	21.926386871405782
744	61.074414241652576	39.0	22.074414241652576
745	61.074753419412744	39.0	22.074753419412744
746	61.24764698874692	39.0	22.247646988746922
747	61.359526790774495	39.0	22.359526790774495
748	61.37686058923782	39.0	22.376860589237822
749	61.377294142491166	39.0	22.377294142491166
750	61.5237390347906	39.0	22.5237390347906
751	61.640627530412324	39.0	22.640627530412324
752	61.643893323013096	39.0	22.643893323013096
753	61.66465118355464	39.0	22.66465118355464
754	61.84242282763463	39.0	22.84242282763463
755	61.8990529156291	39.0	22.8990529156291
756	61.89935724948292	39.0	22.899357249482918
757	62.80522090020563	39.0	23.805220900205633
758	63.003776828973066	39.0	24.003776828973066
759	63.00731462207482	39.0	24.007314622074823
760	63.02788358065274	39.0	24.02788358065274
761	63.046372768417385	39.0	24.046372768417385
762	63.093243411506045	39.0	24.093243411506045
763	63.61705678185261	39.0	24.61705678185261
764	63.61730173402702	39.0	24.617301734027023
765	63.65940615187947	39.0	24.659406151879473
766	63.79046957099892	39.0	24.790469570998923
767	64.02023534899102	39.0	25.020235348991022
768	64.28919775080277	39.0	25.28919775080277
769	64.28948176081579	39.0	25.28948176081579
770	64.46899081930039	39.0	25.468990819300387
771	64.6276874673794	39.0	25.627687467379403
772	64.67552963077057	39.0	25.67552963077057
773	64.67658238002615	39.0	25.676582380026147
774	64.76007251721043	39.0	25.760072517210432
775	64.9779010871284	39.0	25.9779010871284
776	64.97818161048018	39.0	25.978181610480178
777	65.25727099900081	39.0	26.25727099900081
778	65.54756981102618	39.0	26.54756981102618
779	65.56273819960253	39.0	26.562738199602535
780	65.56873007769997	39.0	26.568730077699968
781	65.79063609462007	40.0	25.79063609462007
782	65.8377461871211	40.0	25.8377461871211
783	65.83983639595472	40.0	25.83983639595472
784	65.87071447006672	40.0	25.870714470066716
785	65.9911626382269	40.0	25.991162638226896
786	66.12216240376694	40.0	26.122162403766936
787	66.28863013371904	40.0	26.28863013371904
788	66.31360829195621	40.0	26.313608291956214
789	66.31366805770195	40.0	26.313668057701946
790	66.64178333713912	40.0	26.641783337139117
791	66.64249865670436	40.0	26.642498656704362
792	66.89679762754825	40.0	26.896797627548253
793	67.62951913546605	40.0	27.629519135466055
794	67.63213721789225	40.0	27.63213721789225
795	67.68234101205859	40.0	27.682341012058586
796	68.06257640623977	40.0	28.06257640623977
797	68.29577035193007	40.0	28.295770351930074
798	68.37875470624506	40.0	28.37875470624506
799	68.37957512159298	40.0	28.37957512159298
800	68.63727875808479	40.0	28.63727875808479
801	69.19331510362466	40.0	29.193315103624656
802	69.40179989205126	40.0	29.401799892051258
803	69.5241153677407	40.0	29.524115367740706
804	69.5242115089893	40.0	29.524211508989296
805	69.84051034868844	40.0	29.84051034868844
806	69.87338943477431	40.0	29.87338943477431
807	69.87554106218572	40.0	29.875541062185718
808	70.10829476651966	40.0	30.108294766519663
809	70.7406133853395	40.0	30.7406133853395
810	70.77191828529297	40.0	30.77191828529297
811	70.78380811382523	40.0	30.78380811382523
812	70.78931920329906	40.0	30.78931920329906
813	71.0267219837856	40.0	31.026721983785606
814	71.11115736862097	40.0	31.111157368620965
815	71.14715701912621	40.0	31.14715701912621
816	71.150155206921	40.0	31.150155206921
817	72.32835878333752	40.0	32.32835878333752
818	72.32880999238509	40.0	32.32880999238509
819	72.3749799710032	40.0	32.3749799710032
820	72.38098989491654	40.0	32.38098989491654
821	72.53939827670234	41.0	31.539398276702343
822	72.94709013973245	41.0	31.947090139732452
823	73.06633470082137	41.0	32.06633470082137
824	73.06853049390094	41.0	32.06853049390094
825	73.08495996492547	41.0	32.084959964925474
826	73.2928283155462	41.0	32.2928283155462
827	73.40668666225926	41.0	32.40668666225926
828	73.6443275416949	41.0	32.644327541694906
829	73.68942894639109	41.0	32.68942894639109
830	73.6894751987439	41.0	32.68947519874391
831	74.32550533470622	41.0	33.32550533470622
832	74.32561150564301	41.0	33.32561150564301
833	76.3252205917078	41.0	35.325220591707804
834	76.34372911213454	41.0	35.34372911213454
835	76.44571365355458	41.0	35.44571365355458
836	76.4459502393117	41.0	35.4459502393117
837	77.15080782324483	41.0	36.15080782324483
838	77.26436620756773	41.0	36.26436620756773
839	77.26812826953842	41.0	36.26812826953842
840	77.33514318523576	41.0	36.335143185235765
841	77.37171500168606	41.0	36.371715001686056
842	77.89554401693742	41.0	36.89554401693742
843	77.9410457536492	41.0	36.941045753649206
844	77.94438970515748	41.0	36.94438970515748
845	77.99586952065445	41.0	36.99586952065445
846	78.14839696664794	41.0	37.14839696664794
847	78.14854966803955	41.0	37.14854966803955
848	78.25732992003411	41.0	37.25732992003411
849	78.2901840587927	41.0	37.290184058792704
850	78.51514346405337	41.0	37.51514346405337
851	78.89546542161213	41.0	37.89546542161213
852	78.89568587079765	41.0	37.89568587079765
853	82.43912966887899	41.0	41.43912966887899
854	82.44074868690973	41.0	41.44074868690973
855	82.47612618969545	41.0	41.47612618969545
856	82.58811690907027	41.0	41.588116909070266
857	82.69974539421544	41.0	41.69974539421544
858	82.7233349402683	41.0	41.7233349402683
859	82.73346759170293	41.0	41.73346759170293
860	82.7446622586258	41.0	41.744662258625794
861	83.35553117288421	41.0	42.35553117288421
862	83.43833138912156	42.0	41.43833138912156
863	83.45567943576613	42.0	41.45567943576613
864	83.46534584809501	42.0	41.46534584809501
865	84.13072878404928	42.0	42.13072878404928
866	84.27874571244419	42.0	42.27874571244419
867	84.3286664580637	42.0	42.328666458063694
868	84.3315169970287	42.0	42.3315169970287
869	87.31657137504877	42.0	45.31657137504877
870	87.41441905444614	42.0	45.41441905444614
871	88.14104584743325	42.0	46.14104584743325
872	88.1410676530384	42.0	46.141067653038405
873	88.48693271359807	42.0	46.486932713598065
874	88.98883792189075	42.0	46.98883792189075
875	89.07572404429486	42.0	47.07572404429486
876	89.07762378981595	42.0	47.077623789815945
877	89.30633247990478	42.0	47.30633247990478
878	89.32794522918255	42.0	47.327945229182546
879	90.03851856176216	42.0	48.03851856176216
880	90.0385464254487	42.0	48.0385464254487
881	93.40985685011387	42.0	51.40985685011387
882	93.41034260242806	42.0	51.41034260242806
883	93.65338560078764	42.0	51.653385600787644
884	93.99281355013828	42.0	51.99281355013828
885	96.15162204308615	42.0	54.15162204308615
886	96.65398851802696	42.0	54.653988518026964
887	96.8335379039363	42.0	54.8335379039363
888	96.83441197357907	42.0	54.834411973579066
889	99.41847890494707	42.0	57.418478904947065
890	99.5002399124385	42.0	57.5002399124385
891	100.33862379431416	42.0	58.33862379431416
892	100.33866149704792	42.0	58.33866149704792
893	105.27317661902204	42.0	63.27317661902204
894	105.53939378938036	42.0	63.539393789380355
895	105.54566625922537	42.0	63.54566625922537
896	105.58905024837652	42.0	63.58905024837652
897	113.77037632139059	42.0	71.77037632139059
898	113.86659970140137	42.0	71.86659970140137
899	114.08651197242064	42.0	72.08651197242064
900	114.08689333539104	42.0	72.08689333539104
