 here are your sobol points
  0.75000000000000000       0.25000000000000000       0.37500000000000000       0.87500000000000000       0.62500000000000000       0.12500000000000000       0.18750000000000000       0.68750000000000000       0.93750000000000000       0.43750000000000000       0.31250000000000000       0.81250000000000000       0.56250000000000000        6.2500000000000000E-002   9.3750000000000000E-002  0.59375000000000000       0.84375000000000000       0.34375000000000000       0.46875000000000000       0.96875000000000000       0.71875000000000000       0.21875000000000000       0.15625000000000000       0.65625000000000000       0.90625000000000000       0.40625000000000000       0.28125000000000000       0.78125000000000000       0.53125000000000000        3.1250000000000000E-002   4.6875000000000000E-002  0.54687500000000000       0.79687500000000000       0.29687500000000000       0.42187500000000000       0.92187500000000000       0.67187500000000000       0.17187500000000000       0.23437500000000000       0.73437500000000000       0.98437500000000000       0.48437500000000000       0.35937500000000000       0.85937500000000000       0.60937500000000000       0.10937500000000000        7.8125000000000000E-002  0.57812500000000000       0.82812500000000000       0.32812500000000000       0.45312500000000000       0.95312500000000000       0.70312500000000000       0.20312500000000000       0.14062500000000000       0.64062500000000000       0.89062500000000000       0.39062500000000000       0.26562500000000000       0.76562500000000000       0.51562500000000000        1.5625000000000000E-002   2.3437500000000000E-002  0.52343750000000000       0.77343750000000000       0.27343750000000000       0.39843750000000000       0.89843750000000000       0.64843750000000000       0.14843750000000000       0.21093750000000000       0.71093750000000000       0.96093750000000000       0.46093750000000000       0.33593750000000000       0.83593750000000000       0.58593750000000000        8.5937500000000000E-002  0.11718750000000000       0.61718750000000000       0.86718750000000000       0.36718750000000000       0.49218750000000000       0.99218750000000000       0.74218750000000000       0.24218750000000000       0.17968750000000000       0.67968750000000000       0.92968750000000000       0.42968750000000000       0.30468750000000000       0.80468750000000000       0.55468750000000000        5.4687500000000000E-002   3.9062500000000000E-002  0.53906250000000000       0.78906250000000000       0.28906250000000000       0.41406250000000000       0.91406250000000000     
 Next are the hermite evaluations
 next point  0.75000000000000000     
   1.0000000000000000     
   1.5000000000000000     
  0.25000000000000000     
  -5.6250000000000000     
  -9.9375000000000000     
   30.093750000000000     
   144.51562500000000     
  -144.35156250000000     
  -2239.7460937500000     
  -1049.9941406250000     
 next point  0.25000000000000000     
   1.0000000000000000     
  0.50000000000000000     
  -1.7500000000000000     
  -2.8750000000000000     
   9.0625000000000000     
   27.531250000000000     
  -76.859375000000000     
  -368.80468750000000     
   891.62890625000000     
   6346.6894531250000     
 next point  0.37500000000000000     
   1.0000000000000000     
  0.75000000000000000     
  -1.4375000000000000     
  -4.0781250000000000     
   5.5664062500000000     
   36.799804687500000     
  -28.064208984375000     
  -462.64581298828125     
   45.914566040039062     
   7436.7689323425293     
 next point  0.87500000000000000     
   1.0000000000000000     
   1.7500000000000000     
   1.0625000000000000     
  -5.1406250000000000     
  -15.371093750000000     
   14.225585937500000     
   178.60571289062500     
   141.85296630859375     
  -2252.2372894287109     
  -6211.0627174377441     
 next point  0.62500000000000000     
   1.0000000000000000     
   1.2500000000000000     
 -0.43750000000000000     
  -5.5468750000000000     
  -4.3085937500000000     
   38.989257812500000     
   91.822509765625000     
  -353.09295654296875     
  -1726.8813323974609     
   3490.8856391906738     
 next point  0.12500000000000000     
   1.0000000000000000     
  0.25000000000000000     
  -1.9375000000000000     
  -1.4843750000000000     
   11.253906250000000     
   14.688476562500000     
  -108.86694335937500     
  -203.47845458984375     
   1473.2675933837891     
   3623.9721717834473     
 next point  0.18750000000000000     
   1.0000000000000000     
  0.37500000000000000     
  -1.8593750000000000     
  -2.1972656250000000     
   10.332275390625000     
   21.452728271484375     
  -95.277980804443359     
  -293.16198205947876     
   1223.9559879899025     
   5149.5752084478736     
 next point  0.68750000000000000     
   1.0000000000000000     
   1.3750000000000000     
 -0.10937500000000000     
  -5.6503906250000000     
  -7.1130371093750000     
   35.422698974609375     
   119.83658218383789     
  -260.29708719253540     
  -2035.6206454634666     
   1365.7750075682998     
 next point  0.93750000000000000     
   1.0000000000000000     
   1.8750000000000000     
   1.5156250000000000     
  -4.6582031250000000     
  -17.827880859375000     
   3.8383483886718750     
   185.47571182250977     
   301.70677900314331     
  -2030.9597548842430     
  -8635.3580044582486     
 next point  0.43750000000000000     
   1.0000000000000000     
  0.87500000000000000     
  -1.2343750000000000     
  -4.5800781250000000     
   3.3986816406250000     
   39.614471435546875     
  0.67584609985351562     
  -474.78229188919067     
  -424.89635080099106     
   7224.7323632761836     
 next point  0.31250000000000000     
   1.0000000000000000     
  0.62500000000000000     
  -1.6093750000000000     
  -3.5058593750000000     
   7.4650878906250000     
   32.712554931640625     
  -54.205532073974609     
  -426.42911672592163     
   492.35925108194351     
   7130.5903995409608     
 next point  0.81250000000000000     
   1.0000000000000000     
   1.6250000000000000     
  0.64062500000000000     
  -5.4589843750000000     
  -12.714599609375000     
   23.010650634765625     
   164.53830337524414     
  -8.7530646324157715     
  -2317.7599772810936     
  -3626.3109289631248     
 next point  0.56250000000000000     
   1.0000000000000000     
   1.1250000000000000     
 -0.73437500000000000     
  -5.3261718750000000     
  -1.5856933593750000     
   40.825469970703125     
   61.785587310791016     
  -420.39685392379761     
  -1337.9446830153465     
   5221.1618943884969     
 next point   6.2500000000000000E-002
   1.0000000000000000     
  0.12500000000000000     
  -1.9843750000000000     
 -0.74804687500000000     
   11.812744140625000     
   7.4609680175781250     
  -117.19482040405273     
  -104.18096876144409     
   1627.7048645615578     
   1870.3586082533002     
 next point   9.3750000000000000E-002
   1.0000000000000000     
  0.18750000000000000     
  -1.9648437500000000     
  -1.1184082031250000     
   11.579360961914062     
   11.118395805358887     
  -113.70891040563583     
  -154.74117036536336     
   1562.9107762353960     
   2768.9044963899505     
 next point  0.59375000000000000     
   1.0000000000000000     
   1.1875000000000000     
 -0.58984375000000000     
  -5.4504394531250000     
  -2.9333343505859375     
   40.120181083679199     
   76.976058542728424     
  -390.03310348466039     
  -1540.8291299862321     
   4410.7950638959155     
 next point  0.84375000000000000     
   1.0000000000000000     
   1.6875000000000000     
  0.84765625000000000     
  -5.3195800781250000     
  -14.062728881835938     
   18.825785636901855     
   172.39580208063126     
   65.008488368242979     
  -2303.8394050074276     
  -4927.8648098419217     
 next point  0.34375000000000000     
   1.0000000000000000     
  0.68750000000000000     
  -1.5273437500000000     
  -3.8000488281250000     
   6.5515289306640625     
   34.904566764831543     
  -41.518399655818939     
  -447.39870094135404     
   273.67098828428425     
   7346.5280195071100     
 next point  0.46875000000000000     
   1.0000000000000000     
  0.93750000000000000     
  -1.1210937500000000     
  -4.8010253906250000     
   2.2256011962890625     
   40.494704246520996     
   15.707773268222809     
  -471.21041351929307     
  -661.66858842945658     
   6919.0523146560736     
 next point  0.96875000000000000     
   1.0000000000000000     
   1.9375000000000000     
   1.7539062500000000     
  -4.3518066406250000     
  -18.955062866210938     
  -1.9109811782836914     
   185.84810262918472     
   383.01247298344970     
  -1859.7867704031523     
  -9731.5364353913028     
 next point  0.71875000000000000     
   1.0000000000000000     
   1.4375000000000000     
   6.6406250000000000E-002
  -5.6545410156250000     
  -8.5268402099609375     
   32.978995323181152     
   132.67570787668228     
  -205.02661380544305     
  -2152.1856676188763     
   186.65892368495406     
 next point  0.21875000000000000     
   1.0000000000000000     
  0.43750000000000000     
  -1.8085937500000000     
  -2.5412597656250000     
   9.7397613525390625     
   24.591223716735840     
  -86.638953149318695     
  -332.99922660365701     
   1067.2581824513618     
   5794.9130804809829     
 next point  0.15625000000000000     
   1.0000000000000000     
  0.31250000000000000     
  -1.9023437500000000     
  -1.8444824218750000     
   10.837661743164062     
   18.142628669738770     
  -102.70704597234726     
  -249.80749590322375     
   1359.8338011431042     
   4421.8679973088001     
 next point  0.65625000000000000     
   1.0000000000000000     
   1.3125000000000000     
 -0.27734375000000000     
  -5.6140136718750000     
  -5.7043304443359375     
   37.425175666809082     
   106.16384750604630     
  -309.76205815002322     
  -1892.8565664065536     
   2471.8186869917699     
 next point  0.90625000000000000     
   1.0000000000000000     
   1.8125000000000000     
   1.2851562500000000     
  -4.9206542968750000     
  -16.629623413085938     
   9.2240419387817383     
   183.01481014490128     
   221.02584012225270     
  -2161.5980068070348     
  -7454.3098292937939     
 next point  0.40625000000000000     
   1.0000000000000000     
  0.81250000000000000     
  -1.3398437500000000     
  -4.3386230468750000     
   4.5139312744140625     
   38.376553535461426     
  -13.958362996578217     
  -471.85981236025691     
  -187.96901559061371     
   7397.0321725967369     
 next point  0.28125000000000000     
   1.0000000000000000     
  0.56250000000000000     
  -1.6835937500000000     
  -3.1970214843750000     
   8.3032379150390625     
   30.246743202209473     
  -66.018586099147797     
  -400.09637310728431     
   699.20599551522173     
   6794.8453421938611     
 next point  0.78125000000000000     
   1.0000000000000000     
   1.5625000000000000     
  0.44140625000000000     
  -5.5603027343750000     
  -11.336410522460938     
   26.769280433654785     
   155.19110590219498     
  -78.745262231677771     
  -2295.7149548677262     
  -2327.1304212739778     
 next point  0.53125000000000000     
   1.0000000000000000     
   1.0625000000000000     
 -0.87109375000000000     
  -5.1755371093750000     
 -0.27244567871093750     
   41.114823341369629     
   46.408956587314606     
  -444.06836372241378     
  -1121.5480286774691     
   5913.4490390888095     
 next point   3.1250000000000000E-002
   1.0000000000000000     
   6.2500000000000000E-002
  -1.9960937500000000     
 -0.37475585937500000     
   11.953140258789062     
   3.7451181411743164     
  -119.29733270406723     
  -52.397500988095999     
   1666.8878140451852     
   942.54050418736006     
 next point   4.6875000000000000E-002
   1.0000000000000000     
   9.3750000000000000E-002
  -1.9912109375000000     
 -0.56167602539062500     
   11.894608497619629     
   5.6085277497768402     
  -118.42028549965471     
  -78.404234762914712     
   1650.5335999861427     
   1409.2052812053362     
 next point  0.54687500000000000     
   1.0000000000000000     
   1.0937500000000000     
 -0.80371093750000000     
  -5.2540588378906250     
 -0.92436122894287109     
   41.021450608968735     
   54.110823892988265     
  -433.07369367466890     
  -1231.2258869585048     
   5582.5257849338377     
 next point  0.79687500000000000     
   1.0000000000000000     
   1.5937500000000000     
  0.54003906250000000     
  -5.5143127441406250     
  -12.028670310974121     
   24.943808645009995     
   160.04089813772589     
  -44.260522333119297     
  -2311.1127813965713     
  -2975.1676380208769     
 next point  0.29687500000000000     
   1.0000000000000000     
  0.59375000000000000     
  -1.6474609375000000     
  -3.3531799316406250     
   7.8938150405883789     
   31.512392133474350     
  -60.227667576633394     
  -413.90888322531828     
   597.42894665783479     
   6977.2655686831822     
 next point  0.42187500000000000     
   1.0000000000000000     
  0.84375000000000000     
  -1.2880859375000000     
  -4.4618225097656250     
   3.9638528823852539     
   39.039080947637558     
  -6.6993042742833495     
  -474.12150935307727     
  -306.24976367669206     
   7327.5459115470276     
 next point  0.92187500000000000     
   1.0000000000000000     
   1.8437500000000000     
   1.3994140625000000     
  -4.7948303222656250     
  -17.236952781677246     
   6.5780108869075775     
   184.49773538950831     
   261.23156898151501     
  -2101.3225901434480     
  -8054.0186292812223     
 next point  0.67187500000000000     
   1.0000000000000000     
   1.3437500000000000     
 -0.19433593750000000     
  -5.6361389160156250     
  -6.4075460433959961     
   36.478971332311630     
   113.09407816175371     
  -285.77748845788301     
  -1967.3305943798323     
   1928.8393291282287     
 next point  0.17187500000000000     
   1.0000000000000000     
  0.34375000000000000     
  -1.8818359375000000     
  -2.0218811035156250     
   10.595993995666504     
   19.817421764135361     
  -99.147701225243509     
  -271.89108346580178     
   1294.6052572120398     
   4795.2778926194669     
 next point  0.23437500000000000     
   1.0000000000000000     
  0.46875000000000000     
  -1.7802734375000000     
  -2.7095031738281250     
   9.4115610122680664     
   26.087694615125656     
  -81.887003271840513     
  -351.43686816518311     
   981.68201385333759     
   6083.1533346366814     
 next point  0.73437500000000000     
   1.0000000000000000     
   1.4687500000000000     
  0.15722656250000000     
  -5.6440734863281250     
  -9.2330923080444336     
   31.591483563184738     
   138.73091456387192     
  -175.33677199252998     
  -2199.7586877582353     
  -425.50722076442844     
 next point  0.98437500000000000     
   1.0000000000000000     
   1.9687500000000000     
   1.8759765625000000     
  -4.1816711425781250     
  -19.488524436950684     
  -4.9146633446216583     
   185.20950090978295     
   423.60716505159508     
  -1758.9564065416334     
  -10240.660066204362     
 next point  0.48437500000000000     
   1.0000000000000000     
  0.96875000000000000     
  -1.0615234375000000     
  -4.9033508300781250     
   1.6190195083618164     
   40.795231789350510     
   23.330185712315142     
  -466.94166406340082     
  -778.97233703383154     
   6716.4371735128889     
 next point  0.35937500000000000     
   1.0000000000000000     
  0.71875000000000000     
  -1.4833984375000000     
  -3.9411926269531250     
   6.0676584243774414     
   35.890670508146286     
  -34.880164816044271     
  -455.75816455928725     
   160.74612664763208     
   7407.6669114765818     
 next point  0.85937500000000000     
   1.0000000000000000     
   1.7187500000000000     
  0.95410156250000000     
  -5.2351379394531250     
  -14.722502708435059     
   16.576801985502243     
   175.71640549693257     
   103.09094812182593     
  -2282.8421098726676     
  -5573.0900462928621     
 next point  0.60937500000000000     
   1.0000000000000000     
   1.2187500000000000     
 -0.51464843750000000     
  -5.5022277832031250     
  -3.6179494857788086     
   39.608446329832077     
   84.452288822270930     
  -372.37512895584223     
  -1636.1642319267257     
   3963.9269056327785     
 next point  0.10937500000000000     
   1.0000000000000000     
  0.21875000000000000     
  -1.9521484375000000     
  -1.3020324707031250     
   11.428071022033691     
   12.916150301694870     
  -111.45530234184116     
  -179.37465100761619     
   1521.1360278778602     
   3202.7429222201408     
 next point   7.8125000000000000E-002
   1.0000000000000000     
  0.15625000000000000     
  -1.9755859375000000     
 -0.93368530273437500     
   11.707627296447754     
   9.2987991869449615     
  -115.62333559151739     
  -129.65173642951413     
   1598.4686144641319     
   2324.1885038822466     
 next point  0.57812500000000000     
   1.0000000000000000     
   1.1562500000000000     
 -0.66308593750000000     
  -5.3916931152343750     
  -2.2556295394897461     
   40.525473266839981     
   69.413873859681189     
  -406.04588755182340     
  -1441.2847915173325     
   4830.2486606372586     
 next point  0.82812500000000000     
   1.0000000000000000     
   1.6562500000000000     
  0.74316406250000000     
  -5.3941345214843750     
  -13.393019676208496     
   20.970887333154678     
   168.66322890762240     
   27.697824880393455     
  -2315.4106822485619     
  -4278.0641405604765     
 next point  0.32812500000000000     
   1.0000000000000000     
  0.65625000000000000     
  -1.5693359375000000     
  -3.6548767089843750     
   7.0175027847290039     
   33.844249874353409     
  -47.964738867245615     
  -437.60785837387084     
   384.32618708358586     
   7253.9397942555370     
 next point  0.45312500000000000     
   1.0000000000000000     
  0.90625000000000000     
  -1.1787109375000000     
  -4.6932067871093750     
   2.8190469741821289     
   40.100415617227554     
   8.1505319112911820     
  -473.81856786212302     
  -543.50552388312553     
   7088.5452047748859     
 next point  0.95312500000000000     
   1.0000000000000000     
   1.9062500000000000     
   1.6337890625000000     
  -4.5105895996093750     
  -18.401045799255371     
   1.0077232420444489     
   185.93143042270094     
   342.33911033874028     
  -1950.4560968345895     
  -9195.4827000107798     
 next point  0.70312500000000000     
   1.0000000000000000     
   1.4062500000000000     
  -2.2460937500000000E-002
  -5.6565856933593750     
  -7.8198080062866211     
   34.256080538034439     
   126.37069331947714     
  -233.36417897589854     
  -2097.3580831575373     
   784.41705917408990     
 next point  0.20312500000000000     
   1.0000000000000000     
  0.40625000000000000     
  -1.8349609375000000     
  -2.3704528808593750     
   10.046769142150879     
   23.045123010873795     
  -91.105610198341310     
  -313.55313027356169     
   1148.0975836031439     
   5483.2647277157639     
 next point  0.14062500000000000     
   1.0000000000000000     
  0.28125000000000000     
  -1.9208984375000000     
  -1.6652526855468750     
   11.057038307189941     
   16.431813508272171     
  -105.94893552269787     
  -226.97990021502483     
   1419.4470003822944     
   4030.8978722979173     
 next point  0.64062500000000000     
   1.0000000000000000     
   1.2812500000000000     
 -0.35839843750000000     
  -5.5841979980468750     
  -5.0043630599975586     
   38.261743813753128     
   99.066489861346781     
  -332.21198563018697     
  -1812.5774646475320     
   2993.0268935033414     
 next point  0.89062500000000000     
   1.0000000000000000     
   1.7812500000000000     
   1.1728515625000000     
  -5.0358581542968750     
  -16.007231712341309     
   11.773983746767044     
   181.04472567234188     
   181.19811264265445     
  -2211.8670212680581     
  -6839.0579339161995     
 next point  0.39062500000000000     
   1.0000000000000000     
  0.78125000000000000     
  -1.3896484375000000     
  -4.2106628417968750     
   5.0483102798461914     
   37.629295140504837     
  -21.085215969942510     
  -468.02436666257563     
  -70.451012875942070     
   7433.3500127918805     
 next point  0.26562500000000000     
   1.0000000000000000     
  0.53125000000000000     
  -1.7177734375000000     
  -3.0375671386718750     
   8.6929330825805664     
   28.918657809495926     
  -71.566293864510953     
  -385.04348732947255     
   797.37376145937105     
   6584.3006080468513     
 next point  0.76562500000000000     
   1.0000000000000000     
   1.5312500000000000     
  0.34472656250000000     
  -5.5971374511718750     
  -10.638976097106934     
   28.486167460680008     
   150.00920489523560     
  -112.13241453233059     
  -2271.8316282859296     
  -1684.6235482955403     
 next point  0.51562500000000000     
   1.0000000000000000     
   1.0312500000000000     
 -0.93652343750000000     
  -5.0907897949218750     
  0.36926364898681641     
   41.107121497392654     
   38.699082554318011     
  -453.37702908457140     
  -1009.3322170039164     
   6213.1586165678536     
 next point   1.5625000000000000E-002
   1.0000000000000000     
   3.1250000000000000E-002
  -1.9990234375000000     
 -0.18746948242187500     
   11.988282203674316     
   1.8743896782398224     
  -119.82424735929817     
  -26.237183868855936     
   1676.7195510342726     
   472.19242787151597     
 next point   2.3437500000000000E-002
   1.0000000000000000     
   4.6875000000000000E-002
  -1.9978027343750000     
 -0.28114700317382812     
   11.973637640476227     
   2.8104402897879481     
  -119.60463701617846     
  -39.331750837588743     
   1672.6212424059865     
   707.71213413920054     
 next point  0.52343750000000000     
   1.0000000000000000     
   1.0468750000000000     
 -0.90405273437500000     
  -5.1339302062988281     
   4.9733221530914307E-002
   41.123506116680801     
   42.553838250591070     
  -448.93352398158208     
  -1065.7310184264938     
   6067.2492237900778     
 next point  0.77343750000000000     
   1.0000000000000000     
   1.5468750000000000     
  0.39282226562500000     
  -5.5798530578613281     
  -10.988268792629242     
   27.641346174292266     
   152.64039528965077     
  -95.580542627828663     
  -2284.8166859325333     
  -2005.0371290066291     
 next point  0.27343750000000000     
   1.0000000000000000     
  0.54687500000000000     
  -1.7009277343750000     
  -3.1176948547363281     
   8.5005770325660706     
   29.590311902575195     
  -68.823568503939896     
  -392.72163185649447     
   748.76031663363813     
   6693.0244078629321     
 next point  0.39843750000000000     
   1.0000000000000000     
  0.79687500000000000     
  -1.3649902343750000     
  -4.2752265930175781     
   4.7831202149391174     
   38.013361665420234     
  -17.539304572259425     
  -470.13697331606204     
  -129.09013659960499     
   7419.3228704541825     
 next point  0.89843750000000000     
   1.0000000000000000     
   1.7968750000000000     
   1.2287597656250000     
  -4.9795722961425781     
  -16.320227563381195     
   10.511169466190040     
   182.08953326837218     
   201.05809649732578     
  -2187.9771986135784     
  -7148.4510727159859     
 next point  0.64843750000000000     
   1.0000000000000000     
   1.2968750000000000     
 -0.31811523437500000     
  -5.6000556945800781     
  -5.3538808226585388     
   37.857131364755332     
   102.63477546525246     
  -321.18110194556471     
  -1853.4185980991888     
   2735.2453867191498     
 next point  0.14843750000000000     
   1.0000000000000000     
  0.29687500000000000     
  -1.9118652343750000     
  -1.7550849914550781     
   10.950150549411774     
   17.291505875997245     
  -104.36808968718105     
  -238.48234713784882     
   1390.3538088139858     
   4228.4788411972331     
 next point  0.21093750000000000     
   1.0000000000000000     
  0.42187500000000000     
  -1.8220214843750000     
  -2.4561653137207031     
   9.8959341645240784     
   23.824169735424221     
  -88.908520038108691     
  -323.39831871616775     
   1108.2856148251385     
   5641.9310932130393     
 next point  0.71093750000000000     
   1.0000000000000000     
   1.4218750000000000     
   2.1728515625000000E-002
  -5.6566047668457031     
  -8.1733559966087341     
   33.631347577087581     
   129.55313230225875     
  -219.36781093277682     
  -2125.6574584016644     
   487.46577625956252     
 next point  0.96093750000000000     
   1.0000000000000000     
   1.9218750000000000     
   1.6936035156250000     
  -4.4326057434082031     
  -18.680535256862640     
 -0.44080774951726198     
   185.95817517502292     
   362.67806090870431     
  -1906.3925541414046     
  -9466.6971645297817     
 next point  0.46093750000000000     
   1.0000000000000000     
  0.92187500000000000     
  -1.1501464843750000     
  -4.7477912902832031     
   2.5240088105201721     
   40.309150944463909     
   11.919910421725945     
  -472.72114391353830     
  -602.66855044945635     
   7007.9532326710205     
 next point  0.33593750000000000     
   1.0000000000000000     
  0.67187500000000000     
  -1.5485839843750000     
  -3.7279548645019531     
   6.7867842316627502     
   34.383509571664035     
  -44.766421823165729     
  -442.67955452240790     
   329.30457982957739     
   7304.1243869315240     
 next point  0.83593750000000000     
   1.0000000000000000     
   1.6718750000000000     
  0.79516601562500000     
  -5.3580818176269531     
  -13.729039132595062     
   19.911417241208255     
   170.57979202609567     
   46.251082899129642     
  -2310.7910591433570     
  -4603.3711283913744     
 next point  0.58593750000000000     
   1.0000000000000000     
   1.1718750000000000     
 -0.62670898437500000     
  -5.4219245910644531     
  -2.5935639739036560     
   40.336063946597278     
   73.204464676455245     
  -398.24628531644635     
  -1491.5573710755839     
   4624.0217708339414     
 next point   8.5937500000000000E-002
   1.0000000000000000     
  0.17187500000000000     
  -1.9704589843750000     
  -1.0261726379394531     
   11.646380484104156     
   10.211102749221027     
  -114.70877155601920     
  -142.24880310184312     
   1581.4737887511396     
   2547.7966570710923     
 next point  0.11718750000000000     
   1.0000000000000000     
  0.23437500000000000     
  -1.9450683593750000     
  -1.3933753967285156     
   11.343837797641754     
   13.805715157650411     
  -110.20266348634323     
  -191.49733114641663     
   1497.9551018213638     
   3415.0405253320482     
 next point  0.61718750000000000     
   1.0000000000000000     
   1.2343750000000000     
 -0.47631835937500000     
  -5.5254554748535156     
  -3.9625739455223083     
   39.312341584824026     
   88.151911098990240     
  -362.93558375507223     
  -1682.1253665835306     
   3730.5958407046101     
 next point  0.86718750000000000     
   1.0000000000000000     
   1.7343750000000000     
   1.0080566406250000     
  -5.1891517639160156     
  -15.048274934291840     
   15.413862272165716     
   177.21616672120581     
   122.39294189110274     
  -2268.7510755045000     
  -5893.1522168357606     
 next point  0.36718750000000000     
   1.0000000000000000     
  0.73437500000000000     
  -1.4606933593750000     
  -4.0101966857910156     
   5.8191719651222229     
   36.355027898214757     
  -31.493496038470767     
  -459.38837093182906     
   103.54560963552876     
   7426.2552419853564     
 next point  0.49218750000000000     
   1.0000000000000000     
  0.98437500000000000     
  -1.0310058593750000     
  -4.9523963928222656     
   1.3110199570655823     
   40.909706412814558     
   27.160292679458507     
  -464.18056384743272     
  -837.17184004973569     
   6602.7979915099650     
 next point  0.99218750000000000     
   1.0000000000000000     
   1.9843750000000000     
   1.9377441406250000     
  -4.0922889709472656     
  -19.747100770473480     
  -6.4473413238301873     
   184.67706476525927     
   443.83664627952362     
  -1704.7405617527002     
  -10484.230892700392     
 next point  0.74218750000000000     
   1.0000000000000000     
   1.4843750000000000     
  0.20336914062500000     
  -5.6356239318847656     
  -9.5855941176414490     
   30.856375186704099     
   141.65837309417839     
  -160.00235467877815     
  -2220.7207185448087     
  -736.34464172949993     
 next point  0.24218750000000000     
   1.0000000000000000     
  0.48437500000000000     
  -1.7653808593750000     
  -2.7926063537597656     
   9.2396164536476135     
   26.816290049813688     
  -79.407024043597630     
  -360.25825786888186     
   937.19824295512717     
   6218.0875248334996     
 next point  0.17968750000000000     
   1.0000000000000000     
  0.35937500000000000     
  -1.8708496093750000     
  -2.1098365783691406     
   10.466875135898590     
   20.640225878916681     
  -97.251170183750219     
  -282.63234983178540     
   1259.9453818517052     
   4974.9104689115229     
 next point  0.67968750000000000     
   1.0000000000000000     
   1.3593750000000000     
 -0.15209960937500000     
  -5.6442604064941406     
  -6.7600688338279724     
   35.964614680968225     
   116.49008642022090     
  -273.22166494413091     
  -2002.2719106665206     
   1649.7082605437931     
 next point  0.92968750000000000     
   1.0000000000000000     
   1.8593750000000000     
   1.4572753906250000     
  -4.7278785705566406     
  -17.534551560878754     
   5.2197217559441924     
   185.05093574874627     
   281.44242258649479     
  -2067.4060959856843     
  -8347.1619711072981     
 next point  0.42968750000000000     
   1.0000000000000000     
  0.85937500000000000     
  -1.2614746093750000     
  -4.5215797424316406     
   3.6831150650978088     
   39.337814948521554     
  -3.0252159295923775     
  -474.65357432175210     
  -365.55239241846243     
   7280.3106019134175     
 next point  0.30468750000000000     
   1.0000000000000000     
  0.60937500000000000     
  -1.6286621093750000     
  -3.4299659729003906     
   7.6818371415138245     
   32.120847291313112     
  -57.244730096994317     
  -420.33367489861325     
   545.28538821657799     
   7057.6220818222891     
 next point  0.80468750000000000     
   1.0000000000000000     
   1.6093750000000000     
  0.59008789062500000     
  -5.4878273010253906     
  -12.372499406337738     
   23.990627176128328     
   162.33490967495891     
  -26.629780855402942     
  -2315.5460390135886     
  -3300.5054128510469     
 next point  0.55468750000000000     
   1.0000000000000000     
   1.1093750000000000     
 -0.76928710937500000     
  -5.2909278869628906     
  -1.2539004683494568     
   40.936377263627946     
   57.952798210331821     
  -426.94514164894849     
  -1284.9814414614477     
   5405.5959797618825     
 next point   5.4687500000000000E-002
   1.0000000000000000     
  0.10937500000000000     
  -1.9880371093750000     
 -0.65494155883789062     
   11.856588423252106     
   6.5363468294963241     
  -117.85097129804490     
  -91.326111939679549     
   1639.9248046792261     
   1640.5845665466632     
 next point   3.9062500000000000E-002
   1.0000000000000000     
   7.8125000000000000E-002
  -1.9938964843750000     
 -0.46827316284179688     
   11.926795065402985     
   4.6779661672189832     
  -118.90248454721586     
  -65.424850611879037     
   1659.5234672069691     
   1176.4478806656091     
 next point  0.53906250000000000     
   1.0000000000000000     
   1.0781250000000000     
 -0.83764648437500000     
  -5.2155876159667969     
 -0.59717649221420288     
   41.080870022065938     
   50.262077914681868     
  -438.78163751302486     
  -1176.7305437492760     
   5751.8435827287094     
 next point  0.78906250000000000     
   1.0000000000000000     
   1.5781250000000000     
  0.49047851562500000     
  -5.5384635925292969     
  -11.683258950710297     
   25.870065708644688     
   157.65878695355786     
  -61.635515342652752     
  -2304.4915649999339     
  -2650.6075055330766     
 next point  0.28906250000000000     
   1.0000000000000000     
  0.57812500000000000     
  -1.6657714843750000     
  -3.2755241394042969     
   8.1009665131568909     
   30.887564380653203     
  -63.152791974003776     
  -407.16098042780936     
   648.74914582622557     
   6889.6337867757366     
 next point  0.41406250000000000     
   1.0000000000000000     
  0.82812500000000000     
  -1.3142089843750000     
  -4.4008293151855469     
   4.2408171296119690     
   38.718561206944287     
  -10.344362796618952     
  -473.18915992428151     
  -247.03869390963030     
   7366.4476403945919     
 next point  0.91406250000000000     
   1.0000000000000000     
   1.8281250000000000     
   1.3420410156250000     
  -4.8590812683105469     
  -16.935254037380219     
   7.9128888593986630     
   183.81829031989037     
   241.08814567826562     
  -2132.7167981603857     
  -7756.2832274892044     
