0	0	0	0
1	1.0007355656585568	1.0	0.0007355656585568138
2	2.0002555763585583	2.0	0.0002555763585583293
3	2.0002557511874413	2.0	0.00025575118744125547
4	2.999775761887216	3.0	0.00022423811278393657
5	3.051785132135376	3.0	0.051785132135376166
6	3.0517862301050696	3.0	0.05178623010506955
7	4.020075690387815	4.0	0.02007569038781476
8	4.020078907499766	4.0	0.02007890749976582
9	4.051305142835568	4.0	0.05130514283556842
10	4.051306415634064	4.0	0.05130641563406435
11	5.019595875917131	5.0	0.019595875917130634
12	5.01959891820038	5.0	0.019598918200379956
13	5.102835796581668	5.0	0.10283579658166797
14	5.524516998254998	5.0	0.524516998254998
15	5.524529174231866	5.0	0.5245291742318656
16	6.071125256864887	6.0	0.07112525686488702
17	6.071129571945481	6.0	0.0711295719454812
18	6.3279871198056	6.0	0.32798711980560036
19	6.32800294957877	6.0	0.32800294957876996
20	6.524037008956533	6.0	0.5240370089565332
