   9.5492472669513298E-005
   1.3891732238824420E-004
   1.3891732238831739E-004
   2.0208946234229669E-004
   2.1918370451961812E-004
   2.1918370451971784E-004
   3.1885668568228315E-004
   3.1885668568231118E-004
   3.4801110616634770E-004
   3.4801110616643557E-004
   5.0309197137693711E-004
   5.0626787304273166E-004
   5.0626787304274945E-004
   5.4148760669505747E-004
   5.4148760669509369E-004
   7.8772709854112426E-004
   7.8772709854118216E-004
   7.9878927973202395E-004
   7.9878927973206168E-004
   8.1951636232090533E-004
   8.1951636232099325E-004
   1.1921884052675633E-003
   1.1921884052676446E-003
   1.2047507601068968E-003
   1.2047507601069935E-003
   1.2428755510144704E-003
   1.2428755510146207E-003
   1.2682856211525780E-003
   1.7208203790062243E-003
   1.7208203790063494E-003
   1.7526067244944927E-003
   1.7526067244945862E-003
   1.8810344646699034E-003
   1.8810344646699746E-003
   1.9733880138737667E-003
   1.9733880138738773E-003
   2.3897351393816564E-003
   2.3897351393817926E-003
   2.5033570990450134E-003
   2.5033570990451105E-003
   2.7652623001698583E-003
   2.7652623001700647E-003
   2.9866311741611686E-003
   2.9866311741613893E-003
   3.0704915267914983E-003
   3.2285072790392022E-003
   3.2285072790393149E-003
   3.4764583793823580E-003
   3.4764583793824183E-003
   3.9497959885143145E-003
   3.9497959885144811E-003
   4.2452335753548074E-003
   4.2452335753548343E-003
   4.3905727117388342E-003
   4.3905727117389487E-003
   4.6470464244440053E-003
   4.6470464244440911E-003
   4.6966590557047990E-003
   4.6966590557048302E-003
   5.4351019467012880E-003
   5.4351019467013453E-003
   5.4851548611901972E-003
   5.4851548611903117E-003
   6.1757378850345306E-003
   6.1757378850345566E-003
   6.2713278530725147E-003
   6.2713278530726422E-003
   6.7769784349216659E-003
   6.7769784349217066E-003
   6.8315081546944049E-003
   6.8315081546946772E-003
   7.0330890942090748E-003
   7.4103870777040681E-003
   7.4103870777042675E-003
   7.9066945093739741E-003
   7.9066945093741216E-003
   8.2313334776343092E-003
   8.2313334776343231E-003
   8.7091091690376654E-003
   8.7091091690377244E-003
   9.7402257449589694E-003
   9.7402257449589972E-003
   9.7440771569230495E-003
   9.7440771569231449E-003
   9.7578676363752528E-003
   9.7578676363755251E-003
   9.8587843810478554E-003
   9.8587843810478918E-003
   1.0339170542186331E-002
   1.0339170542186487E-002
   1.1229846490970249E-002
   1.1229846490970308E-002
   1.1765915763141578E-002
   1.1765915763141878E-002
   1.1974502014987570E-002
   1.1974502014987629E-002
   1.2475179936353135E-002
   1.2475179936353343E-002
   1.2615746403954260E-002
   1.2615746403954313E-002
   1.3550931555997868E-002
   1.3550931555998125E-002
   1.3810377393581050E-002
   1.3810377393581095E-002
   1.4169557475269033E-002
   1.4169557475269094E-002
   1.4732082470339284E-002
   1.4732082470339317E-002
   1.4768079805516039E-002
   1.4768079805516098E-002
   1.5199359210226627E-002
   1.5314277255610517E-002
   1.5314277255610563E-002
   1.5471255389998899E-002
   1.5471255389999015E-002
   1.5555186679018243E-002
   1.5555186679018337E-002
   1.6336577761003616E-002
   1.6336577761003678E-002
   1.8307167369862130E-002
   1.8307167369862209E-002
   1.8352710547470126E-002
   1.8352710547470223E-002
   1.8893365249926974E-002
   1.8893365249927054E-002
   1.9807590983039892E-002
   1.9807590983040003E-002
   2.0090595573185807E-002
   2.0090595573185852E-002
   2.0508706011962717E-002
   2.0508706011962790E-002
   2.1431442633854030E-002
   2.1431442633854058E-002
   2.1710189312910525E-002
   2.1710189312910685E-002
   2.2278388350278715E-002
   2.2278388350278833E-002
   2.2356723016541132E-002
   2.2356723016541243E-002
   2.4072487645531077E-002
   2.4072487645531368E-002
   2.4697902312813332E-002
   2.4697902312813477E-002
   2.5775846894188766E-002
   2.5775846894188836E-002
   2.7707048179584932E-002
   2.7707048179585275E-002
   2.8956900526263825E-002
   2.8956900526263870E-002
   2.9998128529850059E-002
   2.9998128529850163E-002
   3.0149342090921544E-002
   3.0149342090921814E-002
   3.0819605598081719E-002
   3.0819605598081862E-002
   3.1010012559298323E-002
   3.1698934935054039E-002
   3.1698934935054122E-002
   3.3814522976192550E-002
   3.3814522976192592E-002
   3.5150833642577192E-002
   3.5150833642577241E-002
   3.5497109259508421E-002
   3.5497109259508518E-002
   3.6432592848591169E-002
   3.6432592848591253E-002
   3.8428681662127082E-002
   3.8428681662127290E-002
   4.0731447094161113E-002
   4.0731447094161224E-002
   4.0925857192148446E-002
   4.0925857192148515E-002
   4.3064178917043394E-002
   4.3064178917043616E-002
   4.5976606725278910E-002
   4.5976606725279021E-002
   4.6644042736377310E-002
   4.6644042736377324E-002
   4.6675564472336256E-002
   4.6675564472336312E-002
   5.0330299121527727E-002
   5.0330299121527873E-002
   5.3558654768893821E-002
   5.3558654768893918E-002
   5.3689345068862727E-002
   5.3689345068862832E-002
   5.5231699210005140E-002
   5.5231699210005196E-002
   5.5811085616178480E-002
   5.5811085616178667E-002
   5.8160026222479247E-002
   5.8160026222479254E-002
   5.8179257110264213E-002
   5.8179257110264289E-002
   5.9804023047486582E-002
   6.3678555282438515E-002
   6.3678555282438612E-002
   6.8570255000112129E-002
   6.8570255000112199E-002
   7.0641300618321148E-002
   7.0641300618321218E-002
   7.1537265042704690E-002
   7.1537265042704745E-002
   7.6501154969424653E-002
   7.6501154969424848E-002
   7.8311389299543732E-002
   7.8311389299543746E-002
   8.0794612148773232E-002
   8.0794612148773398E-002
   8.3537894197152851E-002
   8.3537894197152962E-002
   8.3590613454007368E-002
   8.3590613454007437E-002
   8.5499617848912510E-002
   8.5499617848912551E-002
   8.6839214731574438E-002
   8.6839214731574590E-002
   9.6374538101476989E-002
   9.6374538101477170E-002
   9.7943156464474601E-002
   9.7943156464474657E-002
  0.10384803101897810     
  0.10384803101897813     
  0.10623857112808351     
  0.10623857112808367     
  0.10826833060132179     
  0.10826833060132185     
  0.10915267936217915     
  0.11852065327728752     
  0.11852065327728764     
  0.12212441748415745     
  0.12212441748415757     
  0.12288449593771732     
  0.12288449593771748     
  0.12643072587799406     
  0.12643072587799414     
  0.13142712129272391     
  0.13142712129272396     
  0.13601547582802831     
  0.13601547582802881     
  0.14167782776646884     
  0.14167782776646948     
  0.14352720288930534     
  0.14352720288930587     
  0.14833259626353668     
  0.14833259626353673     
  0.15916259831352830     
  0.15916259831352889     
  0.16959644097598087     
  0.16959644097598092     
  0.17423428462098747     
  0.17423428462098767     
  0.17552356211401429     
  0.17552356211401485     
  0.18375549094799948     
  0.18375549094799973     
  0.18586268695234970     
  0.18586268695234989     
  0.18872700230174821     
  0.19320776442785326     
  0.19320776442785337     
  0.20236724586273586     
  0.20236724586273602     
  0.20599222436648526     
  0.20599222436648554     
  0.22734183021324270     
  0.22734183021324281     
  0.22912302504442492     
  0.22912302504442544     
  0.24162404244614410     
  0.24162404244614466     
  0.24375282236924478     
  0.24375282236924486     
  0.24886965638499220     
  0.24886965638499259     
  0.26547922607334468     
  0.26547922607334506     
  0.27597065668601756     
  0.27597065668601845     
  0.27829334926411187     
  0.27829334926411281     
  0.28103114328372142     
  0.28103114328372186     
  0.30127878760580634     
  0.30127878760580684     
  0.30934724324541157     
  0.31571381123789827     
  0.31571381123789954     
  0.32930752380745643     
  0.32930752380745648     
  0.34560990225632193     
  0.34560990225632254     
  0.36593390318932151     
  0.36593390318932212     
  0.36867591938309846     
  0.36867591938309890     
  0.37967014702849056     
  0.37967014702849089     
  0.38324556343390059     
  0.38324556343390087     
  0.38572222139255630     
  0.38572222139255680     
  0.42652607013950683     
  0.42652607013950700     
  0.43301353717263519     
  0.43301353717263569     
  0.46691537767288072     
  0.46691537767288094     
  0.46849909063532513     
  0.46849909063532624     
  0.48095347647231845     
  0.49807732652864684     
  0.49807732652864722     
  0.49923643232575043     
  0.49923643232575093     
  0.51776076386689307     
  0.51776076386689329     
  0.55438003046470707     
  0.55438003046470719     
  0.56084829217397292     
  0.56084829217397303     
  0.58416719045040599     
  0.58416719045040622     
  0.61395706028461328     
  0.61395706028461439     
  0.63916410181767325     
  0.63916410181767447     
  0.65493257624979728     
  0.65493257624979739     
  0.68081475084151388     
  0.68081475084151455     
  0.69125134138298894     
  0.69125134138298971     
  0.70953080306586025     
  0.71804474135302931     
  0.71804474135303009     
  0.78603901394636422     
  0.78603901394636611     
  0.79696781713973686     
  0.79696781713973885     
  0.83849928559840314     
  0.83849928559840425     
  0.83959545724172879     
  0.83959545724172946     
  0.87163580329791301     
  0.87163580329791490     
  0.89532335826963294     
  0.89532335826963416     
  0.96799893002688508     
  0.96799893002688508     
  0.98010478897359243     
  0.98010478897359354     
  0.99350236631730182     
   1.0455170173296364     
   1.0455170173296369     
   1.0868346352989293     
   1.0868346352989320     
   1.0874617948106162     
   1.0874617948106171     
   1.1454435815240944     
   1.1454435815240973     
   1.1904375140838486     
   1.1904375140838508     
   1.2698873559690236     
   1.2698873559690276     
   1.2868052787867217     
   1.2868052787867243     
   1.3200718290749489     
   1.3200718290749531     
   1.3206219158975909     
   1.4086575588208290     
   1.4086575588208299     
   1.4836027544868748     
   1.4836027544868780     
   1.5026714142265871     
   1.5026714142265891     
   1.5620552428944079     
   1.5620552428944088     
   1.6240905044823946     
   1.6240905044823970     
   1.6666974147744840     
   1.7324823623176540     
   1.7324823623176582     
   1.8009480526873891     
   1.8009480526873927     
   1.8245230652168754     
   1.8245230652168769     
   1.9462917992599160     
   1.9462917992599174     
   1.9972938015019421     
   2.0232069901995935     
   2.0232069901995993     
   2.1305932606085238     
   2.1305932606085314     
   2.2147918312014925     
   2.2147918312014943     
   2.2727891303407062     
   2.3626071165194746     
   2.3626071165194755     
   2.4559746051723290     
