0	0	0	0
1	1.001158044961727	1.0	0.0011580449617270006
2	2.001059740529931	2.0	0.0010597405299308527
3	2.0010598695385933	2.0	0.0010598695385932722
4	3.00096156510676	3.0	0.0009615651067598208
5	3.0575121094415203	3.0	0.0575121094415203
6	3.057512955475738	3.0	0.05751295547573809
7	4.001343385459894	4.0	0.0013433854598936534
8	4.00134584147663	4.0	0.001345841476630305
9	4.057413805009728	4.0	0.0574138050097277
10	4.057414780052607	4.0	0.05741478005260703
11	5.001245210036944	5.0	0.001245210036944222
12	5.001247537045	5.0	0.0012475370449998024
13	5.1138670199556	5.0	0.11386701995559978
14	5.541380977587605	5.0	0.5413809775876048
15	5.541392214359544	5.0	0.5413922143595444
16	6.05769744993995	6.0	0.057697449939950296
17	6.057700751990861	6.0	0.05770075199086122
18	6.187949676129346	6.0	0.187949676129346
19	6.187963452618049	6.0	0.1879634526180487
20	6.541282673155806	6.0	0.5412826731558056
